				42, 42, 43, 43, 44, 43, 44, 43, 42, 43, 43, 42, 43, 44, 43, 43, 44, 44, 43, 44, 42, 43, 44, 44, 44, 42, 44, 43, 42, 43, 43, 44, 44, 43, 44, 44, 42, 42, 44, 42, 44, 43, 43, 43, 43, 44, 43, 43, 43, 42, 43, 42, 43, 44, 44, 42, 44, 43, 44, 42, 44, 44, 43, 44, 43, 43, 44, 42, 43, 43, 42, 44, 42, 44, 43, 44, 43, 43, 42, 43, 
				43, 44, 42, 44, 44, 43, 42, 42, 43, 44, 43, 42, 44, 43, 42, 44, 44, 42, 43, 43, 43, 42, 43, 44, 43, 42, 44, 43, 43, 43, 44, 43, 44, 44, 43, 43, 43, 43, 42, 42, 44, 44, 44, 44, 43, 43, 42, 43, 44, 42, 43, 43, 42, 43, 43, 42, 44, 42, 42, 44, 44, 42, 44, 42, 43, 44, 43, 43, 43, 44, 44, 44, 42, 42, 44, 43, 44, 42, 43, 43, 
				43, 44, 44, 43, 43, 44, 44, 43, 43, 44, 43, 44, 43, 43, 44, 42, 43, 43, 44, 44, 43, 43, 43, 43, 44, 43, 42, 44, 43, 43, 44, 42, 43, 42, 43, 44, 43, 42, 44, 44, 43, 42, 44, 44, 43, 44, 43, 44, 44, 42, 44, 43, 42, 43, 43, 44, 44, 43, 43, 43, 43, 42, 43, 43, 43, 44, 43, 42, 43, 44, 42, 43, 42, 43, 42, 42, 44, 43, 42, 42, 
				44, 43, 44, 44, 43, 42, 44, 44, 44, 43, 44, 43, 42, 43, 43, 42, 44, 43, 42, 43, 43, 43, 43, 42, 43, 42, 42, 44, 42, 42, 42, 44, 42, 42, 44, 43, 43, 44, 43, 44, 44, 43, 43, 43, 42, 44, 44, 44, 42, 43, 42, 43, 44, 43, 43, 43, 43, 44, 43, 43, 42, 43, 43, 43, 43, 44, 43, 43, 43, 43, 43, 43, 43, 42, 43, 44, 42, 43, 42, 43, 
				42, 43, 44, 42, 43, 43, 43, 43, 43, 42, 43, 42, 43, 42, 43, 43, 43, 42, 42, 43, 43, 44, 43, 42, 44, 42, 44, 44, 43, 43, 44, 43, 44, 44, 43, 42, 43, 44, 42, 42, 44, 44, 43, 44, 44, 43, 44, 43, 43, 42, 43, 42, 43, 43, 43, 43, 43, 43, 44, 43, 43, 43, 43, 44, 43, 43, 44, 42, 44, 44, 43, 42, 43, 43, 43, 43, 43, 44, 43, 42, 
				43, 43, 42, 43, 43, 43, 43, 44, 42, 43, 43, 43, 43, 43, 43, 43, 43, 42, 44, 43, 44, 42, 42, 44, 44, 42, 44, 43, 43, 43, 43, 43, 43, 43, 43, 42, 43, 43, 43, 44, 43, 44, 43, 43, 43, 42, 44, 44, 44, 42, 43, 44, 44, 43, 43, 43, 44, 43, 42, 43, 43, 43, 43, 43, 43, 42, 42, 43, 44, 44, 43, 44, 43, 44, 43, 42, 42, 44, 43, 43, 
				43, 44, 44, 43, 43, 43, 43, 44, 44, 43, 42, 44, 44, 43, 43, 42, 42, 43, 43, 42, 43, 43, 42, 44, 42, 44, 43, 42, 43, 42, 42, 43, 43, 42, 43, 43, 42, 44, 42, 44, 43, 44, 44, 42, 42, 44, 44, 43, 43, 43, 43, 43, 43, 43, 43, 42, 43, 44, 42, 44, 43, 43, 44, 43, 42, 43, 44, 43, 42, 44, 42, 43, 42, 44, 43, 43, 44, 43, 43, 43, 
				43, 44, 43, 43, 43, 43, 42, 43, 43, 43, 43, 44, 42, 43, 44, 43, 42, 43, 43, 44, 44, 42, 43, 44, 43, 42, 42, 44, 44, 43, 44, 42, 43, 44, 43, 43, 43, 42, 42, 44, 43, 43, 42, 43, 43, 43, 43, 44, 44, 43, 43, 44, 42, 44, 44, 42, 43, 43, 44, 44, 43, 43, 44, 42, 44, 44, 42, 44, 44, 43, 43, 42, 44, 43, 44, 42, 44, 44, 43, 44, 
				42, 42, 44, 44, 42, 43, 43, 44, 43, 43, 42, 44, 44, 44, 43, 43, 43, 43, 43, 44, 44, 44, 43, 44, 43, 43, 44, 42, 43, 42, 43, 44, 43, 43, 44, 43, 43, 43, 44, 43, 44, 43, 44, 44, 44, 43, 43, 42, 43, 44, 43, 43, 44, 43, 43, 43, 43, 42, 44, 43, 43, 43, 44, 43, 42, 43, 43, 42, 44, 43, 44, 44, 42, 43, 42, 43, 43, 42, 43, 43, 
				44, 42, 43, 44, 42, 43, 43, 44, 42, 43, 42, 42, 43, 43, 42, 44, 43, 43, 43, 43, 42, 43, 43, 43, 43, 42, 43, 44, 43, 43, 43, 44, 43, 43, 43, 43, 43, 43, 44, 42, 42, 44, 42, 43, 43, 44, 44, 43, 44, 43, 43, 43, 44, 43, 43, 43, 43, 44, 43, 44, 43, 43, 43, 42, 44, 43, 42, 42, 43, 44, 43, 43, 44, 43, 43, 43, 42, 42, 43, 44, 
				44, 44, 44, 43, 43, 44, 42, 43, 42, 43, 42, 44, 43, 44, 42, 43, 43, 42, 44, 42, 44, 42, 44, 43, 43, 43, 43, 43, 44, 44, 43, 43, 44, 43, 43, 42, 42, 44, 43, 43, 44, 42, 43, 42, 42, 43, 43, 43, 42, 42, 43, 42, 43, 44, 44, 43, 44, 44, 43, 43, 43, 44, 44, 43, 44, 43, 43, 44, 44, 43, 44, 44, 43, 43, 44, 43, 43, 44, 44, 42, 
				43, 44, 43, 43, 42, 44, 44, 43, 42, 43, 42, 43, 42, 43, 43, 44, 43, 43, 42, 43, 42, 44, 43, 42, 43, 43, 43, 44, 43, 43, 43, 42, 44, 44, 42, 44, 42, 44, 44, 43, 43, 44, 42, 44, 42, 44, 44, 42, 42, 43, 43, 42, 43, 43, 43, 43, 42, 43, 42, 43, 42, 42, 43, 42, 43, 44, 43, 43, 44, 43, 43, 43, 43, 43, 43, 44, 43, 42, 44, 43, 
				42, 43, 43, 43, 42, 44, 43, 43, 44, 42, 42, 44, 42, 43, 44, 42, 44, 43, 43, 43, 43, 42, 43, 42, 43, 43, 43, 44, 44, 44, 43, 43, 43, 42, 43, 43, 44, 43, 43, 43, 44, 42, 44, 43, 43, 43, 43, 42, 42, 43, 43, 43, 42, 43, 43, 43, 43, 43, 44, 43, 44, 42, 42, 43, 44, 43, 42, 44, 43, 43, 42, 43, 43, 44, 44, 43, 43, 42, 44, 43, 
				43, 43, 44, 43, 44, 42, 44, 43, 43, 44, 43, 42, 44, 43, 43, 44, 44, 44, 43, 43, 44, 42, 42, 42, 44, 43, 44, 44, 43, 43, 43, 43, 43, 42, 43, 43, 43, 43, 43, 43, 44, 43, 44, 43, 43, 43, 44, 42, 43, 44, 43, 42, 44, 43, 42, 44, 43, 43, 44, 43, 42, 44, 43, 44, 42, 44, 44, 43, 43, 44, 44, 44, 42, 43, 43, 43, 43, 44, 44, 43, 
				42, 43, 43, 43, 43, 43, 43, 42, 43, 44, 44, 44, 44, 42, 43, 44, 44, 42, 43, 43, 44, 43, 44, 43, 43, 43, 43, 43, 42, 43, 44, 43, 43, 43, 42, 43, 43, 42, 43, 42, 43, 44, 43, 43, 44, 43, 43, 43, 42, 42, 43, 42, 44, 43, 44, 43, 44, 43, 44, 43, 43, 43, 43, 44, 43, 42, 43, 44, 43, 43, 42, 44, 42, 42, 42, 43, 42, 43, 44, 43, 
				43, 44, 43, 43, 44, 43, 44, 43, 42, 42, 44, 44, 44, 44, 42, 42, 43, 44, 43, 43, 43, 42, 44, 44, 44, 42, 44, 43, 44, 44, 43, 44, 43, 43, 44, 43, 42, 43, 43, 44, 43, 42, 43, 42, 44, 43, 44, 43, 44, 43, 43, 43, 42, 42, 42, 43, 43, 44, 42, 43, 44, 43, 42, 44, 44, 43, 44, 42, 43, 43, 42, 43, 44, 44, 42, 43, 44, 44, 44, 43, 
				44, 43, 43, 42, 42, 43, 43, 44, 42, 44, 42, 42, 43, 43, 43, 43, 43, 43, 42, 43, 43, 42, 44, 43, 42, 44, 42, 42, 43, 44, 42, 42, 43, 43, 44, 44, 44, 43, 44, 42, 44, 44, 44, 43, 44, 42, 42, 43, 44, 44, 43, 43, 42, 42, 42, 43, 44, 42, 43, 42, 43, 44, 42, 42, 44, 43, 43, 43, 43, 44, 44, 42, 42, 43, 43, 42, 43, 42, 44, 44, 
				44, 43, 44, 44, 42, 43, 42, 44, 44, 44, 43, 43, 44, 43, 44, 43, 43, 43, 44, 43, 44, 43, 43, 43, 44, 43, 43, 42, 42, 43, 43, 44, 43, 43, 43, 43, 43, 43, 44, 43, 43, 43, 44, 43, 43, 44, 43, 42, 43, 42, 43, 43, 43, 43, 42, 43, 43, 43, 44, 42, 42, 44, 42, 43, 43, 44, 44, 43, 44, 44, 44, 43, 43, 43, 44, 42, 44, 43, 42, 42, 
				43, 43, 43, 42, 42, 43, 44, 43, 42, 44, 44, 42, 42, 43, 43, 44, 44, 43, 44, 43, 43, 43, 44, 44, 43, 44, 43, 43, 43, 43, 44, 44, 44, 44, 43, 44, 44, 44, 42, 43, 44, 42, 44, 42, 44, 43, 42, 42, 44, 42, 43, 44, 44, 42, 43, 43, 43, 43, 44, 43, 43, 43, 43, 43, 44, 44, 43, 42, 43, 44, 43, 44, 42, 43, 44, 44, 43, 43, 43, 43, 
				43, 44, 43, 44, 42, 43, 43, 43, 44, 44, 42, 43, 44, 43, 42, 43, 44, 42, 43, 44, 44, 43, 43, 42, 43, 42, 44, 42, 43, 44, 43, 44, 42, 43, 43, 43, 42, 43, 44, 44, 42, 43, 43, 43, 43, 43, 43, 43, 44, 42, 44, 44, 43, 44, 43, 44, 43, 43, 43, 44, 43, 43, 43, 44, 44, 44, 43, 44, 43, 43, 44, 44, 44, 43, 44, 43, 44, 43, 43, 43, 
				44, 44, 44, 43, 44, 42, 42, 43, 44, 44, 43, 43, 44, 43, 43, 44, 44, 43, 44, 43, 44, 43, 44, 43, 43, 44, 44, 43, 42, 43, 44, 42, 43, 43, 43, 43, 44, 43, 43, 43, 42, 43, 43, 43, 44, 43, 42, 44, 44, 43, 44, 44, 43, 43, 44, 43, 43, 42, 42, 43, 43, 43, 44, 43, 43, 42, 43, 43, 44, 44, 42, 42, 44, 42, 43, 42, 43, 43, 44, 42, 
				42, 43, 42, 42, 43, 43, 43, 42, 43, 42, 44, 43, 43, 43, 43, 43, 44, 43, 42, 44, 43, 44, 42, 42, 43, 43, 43, 44, 44, 43, 44, 43, 43, 43, 43, 44, 43, 43, 44, 44, 44, 42, 44, 43, 43, 43, 43, 43, 43, 43, 43, 43, 44, 43, 44, 43, 42, 43, 44, 43, 44, 42, 43, 43, 44, 43, 43, 43, 42, 42, 43, 43, 43, 43, 44, 43, 44, 43, 43, 43, 
				43, 43, 42, 43, 44, 43, 42, 43, 43, 44, 43, 43, 44, 41, 42, 44, 43, 43, 44, 42, 44, 42, 43, 42, 42, 43, 44, 44, 43, 44, 43, 44, 43, 44, 43, 43, 43, 42, 43, 43, 44, 43, 43, 43, 43, 42, 43, 44, 43, 44, 43, 42, 42, 43, 43, 44, 43, 43, 43, 43, 42, 42, 43, 43, 43, 43, 44, 44, 42, 42, 44, 43, 42, 43, 44, 43, 42, 42, 43, 44, 
				44, 44, 44, 44, 43, 44, 44, 43, 43, 44, 43, 43, 44, 44, 44, 44, 42, 42, 44, 43, 44, 44, 42, 44, 43, 44, 43, 43, 44, 43, 44, 43, 42, 43, 42, 43, 44, 43, 44, 42, 42, 43, 44, 44, 44, 44, 42, 44, 44, 43, 44, 44, 42, 43, 43, 44, 43, 42, 44, 43, 43, 43, 43, 43, 44, 43, 42, 43, 44, 43, 44, 43, 43, 44, 43, 43, 43, 43, 44, 43, 
				43, 44, 42, 43, 43, 44, 42, 43, 43, 44, 43, 43, 43, 44, 43, 42, 44, 44, 43, 44, 43, 44, 44, 42, 44, 44, 43, 44, 44, 43, 42, 43, 44, 44, 43, 44, 43, 42, 44, 43, 44, 44, 43, 43, 43, 43, 43, 42, 43, 43, 44, 44, 44, 44, 42, 43, 43, 43, 43, 44, 44, 44, 44, 43, 43, 43, 44, 43, 43, 43, 42, 43, 44, 44, 43, 42, 44, 42, 38, 33, 
				28, 24, 21, 19, 17, 14, 13, 10, 10, 9, 8, 8, 7, 6, 6, 5, 5, 6, 5, 6, 4, 5, 5, 4, 4, 4, 5, 4, 3, 4, 4, 4, 5, 4, 4, 4, 4, 3, 3, 5, 3, 3, 4, 3, 4, 4, 4, 5, 4, 3, 4, 4, 3, 4, 3, 4, 5, 5, 3, 5, 3, 3, 3, 4, 3, 3, 3, 4, 3, 5, 4, 3, 4, 3, 4, 4, 4, 3, 5, 4, 
				4, 3, 5, 3, 3, 4, 3, 3, 3, 3, 5, 4, 4, 4, 4, 4, 4, 4, 5, 4, 3, 5, 3, 4, 4, 3, 4, 4, 5, 3, 3, 3, 3, 4, 4, 4, 4, 4, 3, 4, 3, 3, 4, 3, 4, 3, 4, 4, 4, 3, 4, 4, 3, 5, 3, 3, 3, 4, 3, 3, 4, 4, 3, 3, 4, 3, 5, 4, 3, 4, 4, 4, 3, 4, 3, 3, 3, 3, 3, 4, 
				3, 4, 3, 3, 3, 4, 3, 4, 4, 4, 3, 4, 3, 3, 3, 3, 3, 4, 4, 3, 3, 4, 3, 3, 4, 3, 3, 4, 3, 4, 4, 4, 3, 4, 3, 3, 4, 4, 3, 3, 4, 3, 3, 3, 4, 4, 4, 5, 4, 4, 4, 3, 4, 4, 5, 3, 3, 3, 4, 3, 4, 4, 5, 3, 4, 4, 5, 4, 4, 4, 3, 4, 3, 3, 3, 3, 5, 3, 4, 3, 
				4, 3, 4, 3, 4, 5, 5, 3, 4, 3, 3, 4, 3, 3, 3, 4, 4, 4, 3, 3, 5, 4, 5, 4, 3, 4, 3, 3, 5, 3, 4, 4, 5, 3, 4, 5, 3, 4, 3, 4, 4, 4, 4, 4, 4, 4, 4, 4, 4, 3, 3, 4, 4, 3, 3, 4, 4, 3, 4, 3, 4, 4, 4, 4, 4, 3, 5, 4, 3, 3, 3, 5, 3, 4, 3, 5, 4, 4, 3, 4, 
				3, 3, 4, 3, 4, 4, 4, 4, 3, 3, 3, 3, 4, 4, 5, 4, 4, 4, 4, 4, 4, 3, 4, 3, 3, 4, 4, 3, 3, 4, 3, 4, 4, 3, 4, 3, 5, 4, 4, 3, 4, 3, 4, 5, 4, 3, 3, 4, 4, 3, 4, 4, 3, 3, 3, 4, 4, 4, 3, 4, 3, 4, 5, 3, 5, 4, 5, 3, 3, 4, 4, 4, 3, 4, 5, 4, 4, 4, 3, 4, 
				3, 3, 4, 4, 4, 4, 5, 3, 4, 4, 4, 4, 3, 3, 4, 4, 4, 4, 4, 3, 4, 3, 3, 4, 4, 3, 3, 3, 4, 3, 4, 4, 3, 4, 3, 3, 4, 4, 5, 3, 3, 3, 3, 3, 3, 4, 3, 3, 3, 4, 4, 4, 4, 3, 4, 4, 3, 4, 4, 3, 3, 3, 3, 3, 4, 5, 4, 4, 4, 3, 3, 4, 4, 3, 3, 4, 5, 4, 3, 3, 
				4, 3, 3, 3, 4, 5, 4, 4, 4, 3, 4, 3, 4, 4, 4, 3, 3, 3, 4, 4, 4, 4, 3, 3, 3, 3, 3, 3, 5, 3, 4, 3, 4, 3, 4, 3, 5, 3, 4, 5, 3, 3, 4, 3, 4, 5, 4, 3, 3, 4, 4, 3, 4, 4, 4, 4, 3, 3, 4, 3, 3, 3, 3, 4, 5, 4, 3, 4, 4, 4, 3, 4, 4, 3, 4, 3, 4, 4, 3, 3, 
				4, 4, 3, 4, 5, 4, 4, 3, 4, 4, 4, 4, 4, 3, 4, 5, 4, 3, 4, 4, 3, 3, 4, 4, 4, 3, 3, 5, 4, 3, 4, 4, 4, 4, 2, 3, 5, 3, 3, 4, 4, 3, 5, 4, 4, 4, 4, 3, 5, 4, 4, 4, 4, 3, 4, 4, 4, 4, 5, 4, 5, 3, 3, 5, 3, 3, 5, 4, 4, 4, 4, 3, 3, 3, 3, 3, 3, 3, 3, 3, 
				3, 3, 4, 4, 4, 3, 3, 4, 3, 3, 4, 4, 4, 5, 4, 3, 4, 3, 4, 3, 5, 3, 4, 4, 4, 4, 3, 3, 3, 5, 5, 4, 3, 4, 3, 4, 4, 3, 4, 5, 4, 4, 4, 4, 3, 3, 4, 3, 4, 4, 3, 3, 3, 4, 4, 3, 3, 3, 4, 3, 4, 4, 3, 4, 4, 4, 3, 4, 3, 3, 3, 4, 3, 4, 4, 4, 4, 3, 3, 5, 
				3, 4, 4, 3, 4, 4, 4, 4, 3, 4, 4, 4, 5, 5, 3, 4, 4, 3, 4, 3, 2, 4, 3, 3, 3, 4, 3, 4, 3, 3, 4, 3, 3, 4, 4, 4, 4, 4, 4, 5, 3, 4, 3, 3, 4, 3, 4, 4, 3, 3, 3, 3, 3, 4, 4, 4, 4, 3, 3, 2, 3, 4, 3, 3, 4, 4, 4, 4, 3, 3, 3, 4, 4, 4, 3, 4, 4, 3, 5, 4, 
				3, 3, 3, 4, 4, 5, 3, 4, 4, 5, 3, 3, 4, 4, 4, 3, 5, 4, 4, 3, 4, 3, 4, 3, 3, 3, 4, 4, 4, 4, 5, 4, 4, 4, 4, 3, 3, 4, 3, 4, 5, 3, 5, 3, 4, 4, 3, 4, 4, 3, 4, 3, 3, 3, 5, 3, 4, 4, 3, 4, 4, 4, 3, 3, 4, 4, 4, 4, 3, 4, 5, 4, 3, 4, 4, 4, 3, 4, 5, 5, 
				3, 4, 5, 3, 4, 4, 5, 4, 4, 3, 3, 3, 3, 4, 4, 4, 3, 4, 4, 3, 4, 4, 4, 5, 3, 4, 4, 5, 4, 3, 3, 3, 4, 4, 4, 4, 4, 4, 4, 3, 4, 4, 4, 3, 3, 3, 5, 3, 3, 3, 5, 4, 4, 3, 3, 3, 4, 4, 3, 3, 3, 4, 3, 3, 4, 3, 3, 4, 4, 3, 3, 3, 3, 5, 4, 3, 4, 3, 3, 4, 
				3, 4, 5, 3, 4, 5, 4, 3, 5, 4, 3, 3, 3, 3, 4, 3, 4, 4, 4, 3, 4, 4, 3, 4, 3, 4, 3, 4, 4, 3, 3, 5, 5, 4, 4, 4, 4, 4, 5, 3, 3, 4, 3, 5, 4, 4, 4, 3, 3, 4, 3, 4, 3, 3, 4, 3, 4, 4, 5, 4, 3, 3, 4, 3, 5, 4, 3, 3, 3, 4, 3, 4, 3, 3, 4, 4, 4, 3, 3, 3, 
				4, 4, 3, 4, 3, 3, 4, 4, 5, 3, 3, 3, 3, 3, 3, 4, 3, 3, 3, 3, 3, 4, 3, 3, 3, 3, 4, 3, 3, 4, 4, 4, 5, 3, 3, 4, 4, 4, 2, 4, 4, 4, 4, 2, 3, 4, 3, 4, 4, 4, 4, 4, 5, 4, 3, 4, 3, 4, 4, 3, 4, 3, 3, 4, 3, 4, 4, 4, 4, 3, 4, 4, 3, 4, 4, 4, 3, 3, 4, 3, 
				4, 3, 3, 3, 4, 4, 3, 4, 3, 3, 4, 4, 3, 4, 3, 4, 4, 3, 3, 3, 5, 4, 5, 4, 4, 4, 4, 4, 4, 4, 4, 3, 4, 3, 4, 4, 3, 3, 4, 3, 4, 4, 4, 4, 3, 3, 3, 4, 4, 5, 4, 4, 3, 4, 5, 5, 4, 4, 3, 4, 4, 5, 3, 4, 4, 4, 4, 4, 4, 4, 4, 5, 3, 5, 3, 3, 4, 3, 4, 3, 
				4, 4, 4, 4, 4, 3, 5, 3, 3, 4, 5, 4, 3, 4, 3, 4, 5, 4, 4, 3, 4, 3, 4, 3, 4, 5, 3, 3, 3, 4, 4, 4, 3, 4, 4, 3, 4, 3, 4, 4, 4, 4, 3, 4, 4, 5, 3, 4, 4, 4, 4, 5, 3, 4, 4, 3, 4, 5, 3, 3, 4, 5, 3, 5, 4, 5, 5, 4, 4, 3, 4, 4, 5, 3, 3, 4, 3, 4, 4, 3, 
				3, 3, 4, 4, 5, 4, 2, 4, 3, 4, 4, 4, 4, 4, 4, 4, 3, 4, 4, 4, 3, 4, 3, 4, 3, 3, 4, 4, 3, 3, 4, 4, 4, 3, 3, 3, 4, 3, 4, 4, 5, 4, 4, 4, 4, 4, 4, 4, 3, 4, 3, 4, 3, 4, 5, 3, 3, 5, 4, 3, 5, 3, 4, 4, 4, 4, 4, 4, 3, 3, 4, 3, 3, 4, 5, 4, 3, 4, 3, 3, 
				4, 3, 5, 4, 5, 4, 4, 4, 3, 4, 3, 5, 3, 3, 4, 4, 4, 3, 3, 3, 4, 3, 5, 5, 3, 4, 2, 3, 4, 3, 4, 3, 3, 4, 3, 3, 5, 3, 3, 4, 4, 4, 3, 3, 3, 3, 3, 5, 3, 4, 3, 5, 3, 4, 4, 3, 3, 3, 3, 4, 4, 4, 3, 3, 5, 4, 3, 4, 3, 4, 5, 3, 3, 3, 4, 4, 3, 3, 5, 4, 
				4, 3, 4, 5, 5, 4, 3, 4, 3, 3, 4, 3, 3, 5, 4, 3, 5, 3, 2, 4, 4, 3, 4, 3, 4, 4, 5, 4, 3, 3, 4, 4, 5, 4, 3, 3, 3, 4, 3, 5, 4, 3, 4, 4, 4, 4, 4, 3, 4, 4, 3, 4, 4, 4, 3, 4, 4, 4, 3, 4, 4, 5, 4, 5, 5, 4, 3, 3, 5, 4, 3, 4, 5, 4, 3, 3, 5, 4, 4, 4, 
				4, 3, 4, 3, 4, 4, 4, 4, 3, 3, 3, 4, 3, 4, 3, 3, 4, 3, 3, 3, 4, 4, 4, 3, 4, 4, 4, 4, 4, 3, 3, 4, 4, 4, 5, 3, 4, 3, 5, 4, 3, 3, 4, 3, 3, 3, 5, 4, 3, 4, 4, 4, 3, 4, 5, 3, 5, 3, 4, 3, 4, 5, 4, 3, 4, 3, 4, 3, 5, 4, 3, 4, 4, 4, 3, 4, 4, 3, 3, 4, 
				4, 5, 4, 4, 3, 4, 3, 4, 4, 3, 4, 4, 3, 4, 4, 4, 3, 3, 4, 4, 3, 3, 3, 3, 4, 3, 4, 4, 4, 3, 4, 4, 4, 4, 4, 4, 3, 4, 5, 4, 5, 3, 3, 5, 3, 4, 5, 3, 3, 3, 4, 3, 3, 5, 4, 4, 4, 3, 4, 3, 3, 3, 4, 5, 3, 3, 4, 3, 5, 4, 3, 4, 5, 3, 3, 4, 4, 4, 4, 4, 
				5, 4, 3, 4, 4, 4, 4, 4, 4, 4, 4, 4, 3, 3, 4, 4, 3, 3, 4, 4, 5, 4, 4, 3, 4, 4, 3, 3, 4, 3, 4, 4, 4, 4, 4, 4, 3, 3, 4, 4, 5, 4, 4, 3, 3, 3, 4, 4, 4, 4, 3, 4, 2, 4, 3, 3, 4, 4, 3, 4, 4, 4, 4, 3, 5, 4, 4, 3, 4, 4, 4, 3, 4, 4, 3, 3, 4, 3, 3, 4, 
				4, 4, 3, 2, 4, 4, 3, 3, 4, 4, 3, 4, 4, 4, 3, 4, 3, 3, 3, 4, 3, 3, 5, 4, 4, 3, 4, 3, 4, 3, 4, 3, 3, 4, 3, 4, 5, 4, 5, 5, 5, 4, 4, 3, 3, 3, 3, 3, 4, 4, 3, 3, 4, 4, 4, 3, 4, 3, 4, 4, 3, 4, 3, 4, 4, 4, 3, 3, 5, 4, 5, 5, 5, 3, 3, 3, 3, 3, 4, 4, 
				4, 3, 4, 4, 4, 4, 4, 4, 4, 4, 4, 4, 4, 4, 3, 4, 5, 4, 3, 3, 3, 3, 4, 4, 4, 4, 3, 3, 3, 4, 3, 4, 4, 5, 3, 3, 3, 4, 3, 4, 4, 4, 4, 3, 4, 4, 3, 3, 4, 5, 3, 4, 4, 4, 3, 3, 3, 3, 4, 5, 3, 3, 3, 4, 3, 4, 4, 3, 5, 3, 3, 3, 4, 4, 5, 5, 3, 5, 3, 4, 
				4, 4, 3, 3, 4, 4, 4, 4, 3, 4, 4, 3, 4, 3, 3, 3, 4, 4, 5, 4, 4, 4, 4, 4, 4, 3, 3, 3, 4, 3, 4, 4, 4, 3, 3, 3, 4, 4, 4, 4, 3, 3, 3, 4, 4, 3, 3, 4, 4, 3, 4, 3, 4, 4, 4, 4, 4, 4, 3, 3, 3, 4, 4, 5, 4, 4, 4, 3, 4, 3, 4, 4, 4, 4, 4, 4, 3, 3, 4, 4, 
				3, 4, 4, 3, 4, 5, 5, 4, 4, 4, 3, 4, 3, 4, 3, 4, 3, 4, 3, 3, 3, 3, 4, 4, 4, 3, 3, 3, 3, 4, 4, 4, 5, 4, 5, 4, 4, 4, 3, 3, 3, 4, 3, 3, 3, 3, 3, 3, 3, 4, 4, 3, 4, 5, 5, 4, 4, 3, 4, 3, 4, 4, 4, 3, 4, 4, 4, 3, 5, 5, 3, 3, 3, 3, 4, 5, 4, 3, 4, 4, 
				4, 3, 3, 3, 4, 4, 5, 5, 3, 4, 4, 3, 4, 4, 3, 4, 3, 5, 4, 4, 4, 5, 4, 3, 4, 3, 4, 5, 4, 3, 4, 4, 4, 3, 3, 3, 5, 4, 4, 3, 3, 4, 4, 3, 4, 5, 4, 5, 4, 3, 4, 3, 3, 4, 3, 3, 3, 3, 3, 4, 3, 4, 5, 4, 3, 3, 3, 4, 4, 4, 4, 4, 4, 3, 4, 4, 5, 3, 3, 3, 
				3, 3, 4, 4, 3, 4, 3, 4, 4, 3, 3, 3, 4, 3, 4, 4, 4, 3, 5, 3, 4, 4, 4, 3, 4, 4, 4, 3, 3, 3, 4, 4, 3, 3, 4, 4, 5, 3, 4, 3, 4, 3, 4, 4, 4, 4, 3, 4, 3, 4, 5, 4, 4, 3, 4, 5, 3, 5, 4, 3, 4, 5, 3, 4, 3, 3, 4, 4, 3, 3, 5, 4, 4, 3, 4, 4, 4, 4, 3, 4, 
				3, 5, 4, 5, 3, 4, 4, 4, 3, 3, 3, 4, 3, 4, 4, 5, 4, 3, 4, 5, 3, 4, 3, 4, 3, 4, 3, 4, 3, 4, 3, 5, 3, 5, 4, 2, 4, 3, 5, 4, 3, 3, 4, 4, 4, 3, 3, 3, 4, 4, 3, 3, 4, 3, 4, 4, 4, 3, 4, 5, 4, 3, 3, 3, 4, 3, 3, 5, 3, 4, 4, 3, 4, 3, 4, 4, 4, 4, 4, 3, 
				4, 4, 3, 4, 3, 5, 4, 3, 5, 4, 4, 4, 4, 3, 3, 3, 3, 4, 4, 3, 4, 3, 3, 3, 3, 3, 3, 4, 5, 3, 5, 4, 3, 3, 4, 3, 4, 3, 4, 3, 3, 4, 3, 4, 3, 3, 2, 5, 4, 3, 4, 4, 4, 4, 4, 4, 4, 3, 3, 3, 3, 4, 4, 4, 3, 3, 4, 3, 4, 5, 5, 3, 4, 4, 3, 3, 4, 3, 3, 4, 
				5, 3, 3, 4, 5, 4, 3, 5, 4, 4, 3, 5, 3, 3, 4, 4, 4, 4, 3, 4, 3, 4, 4, 4, 4, 4, 4, 3, 4, 4, 3, 4, 4, 3, 5, 4, 3, 4, 4, 4, 3, 4, 4, 4, 4, 4, 3, 4, 3, 3, 5, 3, 3, 4, 4, 4, 4, 4, 3, 4, 4, 4, 4, 3, 5, 3, 4, 3, 3, 3, 5, 3, 4, 4, 3, 5, 3, 3, 4, 4, 
				4, 5, 4, 4, 5, 3, 3, 4, 3, 3, 3, 5, 3, 4, 4, 4, 4, 4, 5, 3, 3, 4, 4, 3, 4, 3, 4, 4, 4, 3, 5, 4, 4, 3, 3, 3, 4, 4, 4, 5, 4, 4, 4, 4, 4, 4, 5, 5, 4, 3, 3, 4, 4, 4, 3, 3, 4, 4, 5, 4, 4, 3, 3, 4, 4, 3, 3, 3, 3, 5, 3, 3, 3, 3, 4, 4, 4, 3, 5, 4, 
				3, 4, 4, 3, 4, 4, 4, 5, 4, 3, 3, 3, 4, 5, 5, 4, 5, 3, 4, 4, 3, 3, 4, 4, 3, 3, 4, 4, 4, 5, 4, 3, 3, 3, 3, 3, 4, 5, 3, 4, 3, 4, 3, 5, 5, 3, 3, 4, 3, 4, 3, 3, 3, 3, 3, 4, 4, 4, 4, 4, 4, 3, 5, 4, 3, 3, 3, 3, 4, 5, 3, 3, 4, 5, 5, 2, 3, 4, 4, 4, 
				3, 4, 3, 4, 4, 3, 3, 3, 4, 3, 4, 4, 3, 3, 5, 4, 4, 5, 4, 4, 5, 3, 4, 3, 3, 3, 4, 4, 3, 4, 4, 3, 3, 3, 4, 5, 3, 4, 3, 3, 4, 4, 3, 4, 3, 3, 4, 4, 3, 3, 4, 4, 5, 3, 4, 4, 4, 3, 3, 4, 4, 4, 4, 4, 3, 4, 4, 3, 4, 4, 3, 3, 4, 4, 4, 4, 4, 4, 4, 4, 
				4, 4, 4, 4, 4, 5, 5, 3, 3, 4, 3, 4, 4, 4, 4, 3, 4, 4, 4, 4, 5, 4, 4, 3, 4, 3, 4, 3, 4, 4, 3, 4, 4, 5, 5, 3, 4, 3, 5, 3, 4, 3, 4, 5, 5, 3, 3, 4, 3, 4, 4, 3, 3, 5, 3, 3, 4, 3, 4, 4, 5, 3, 3, 3, 3, 4, 3, 3, 3, 4, 4, 5, 4, 3, 4, 3, 3, 4, 4, 4, 
				3, 3, 4, 3, 4, 4, 3, 3, 3, 3, 3, 4, 3, 4, 4, 4, 5, 3, 5, 4, 4, 4, 3, 3, 5, 4, 4, 3, 4, 4, 3, 4, 3, 5, 3, 4, 3, 4, 4, 3, 4, 2, 5, 4, 4, 3, 3, 4, 4, 3, 3, 4, 4, 3, 3, 3, 3, 4, 5, 4, 5, 5, 4, 3, 3, 4, 5, 4, 4, 4, 4, 4, 3, 4, 4, 4, 4, 4, 4, 4, 
				4, 5, 3, 4, 4, 4, 3, 3, 3, 4, 4, 5, 3, 4, 4, 5, 4, 4, 3, 4, 3, 4, 3, 3, 5, 3, 3, 4, 4, 3, 3, 4, 3, 4, 3, 4, 3, 4, 4, 4, 4, 4, 4, 4, 4, 4, 3, 3, 3, 4, 4, 4, 3, 5, 4, 4, 3, 4, 3, 4, 4, 4, 4, 3, 4, 3, 3, 3, 4, 4, 5, 4, 3, 4, 3, 3, 4, 3, 5, 3, 
				3, 4, 4, 3, 4, 4, 4, 3, 3, 4, 3, 4, 3, 3, 4, 4, 4, 4, 5, 3, 4, 4, 4, 3, 3, 4, 4, 4, 4, 4, 4, 4, 4, 3, 3, 4, 3, 5, 4, 4, 4, 4, 4, 4, 5, 4, 4, 4, 4, 3, 3, 3, 5, 3, 4, 4, 4, 4, 4, 3, 3, 4, 3, 3, 4, 2, 4, 4, 4, 4, 4, 4, 3, 3, 4, 4, 4, 4, 4, 3, 
				3, 4, 5, 5, 4, 3, 3, 4, 4, 4, 4, 3, 3, 3, 4, 4, 4, 3, 3, 4, 3, 5, 4, 4, 3, 4, 3, 4, 4, 4, 5, 4, 4, 3, 3, 4, 4, 3, 4, 4, 4, 3, 5, 3, 5, 4, 3, 4, 3, 5, 4, 5, 4, 4, 4, 4, 3, 4, 3, 3, 4, 4, 3, 4, 5, 3, 5, 4, 4, 4, 3, 5, 4, 4, 4, 3, 3, 3, 4, 4, 
				4, 4, 4, 3, 3, 4, 3, 4, 3, 4, 4, 4, 5, 3, 4, 3, 4, 5, 4, 3, 4, 4, 3, 3, 4, 4, 4, 4, 3, 5, 3, 3, 4, 5, 5, 4, 3, 5, 4, 3, 4, 3, 4, 4, 3, 4, 4, 4, 4, 4, 4, 3, 3, 3, 4, 2, 3, 4, 3, 4, 4, 3, 5, 3, 5, 4, 5, 4, 3, 3, 4, 5, 3, 4, 4, 3, 3, 4, 4, 4, 
				4, 4, 3, 4, 3, 4, 4, 3, 4, 5, 3, 4, 4, 3, 4, 3, 3, 4, 4, 3, 4, 4, 3, 3, 3, 5, 5, 3, 3, 3, 4, 3, 4, 3, 5, 4, 3, 5, 5, 4, 3, 5, 4, 3, 3, 4, 5, 3, 5, 4, 4, 3, 4, 3, 4, 5, 3, 4, 5, 4, 3, 4, 3, 5, 3, 3, 5, 4, 3, 4, 4, 4, 4, 5, 3, 4, 4, 3, 5, 4, 
				4, 3, 4, 3, 4, 4, 5, 3, 4, 4, 3, 4, 4, 4, 5, 5, 3, 3, 4, 3, 3, 4, 4, 3, 4, 4, 3, 4, 4, 4, 4, 4, 3, 4, 4, 4, 5, 3, 3, 3, 5, 4, 4, 4, 5, 3, 4, 4, 3, 3, 3, 3, 3, 4, 4, 3, 4, 3, 4, 4, 4, 3, 3, 3, 4, 4, 3, 4, 3, 4, 4, 3, 3, 3, 4, 3, 4, 4, 4, 3, 
				5, 5, 4, 3, 5, 4, 4, 5, 3, 3, 3, 3, 4, 3, 3, 4, 3, 3, 4, 5, 4, 4, 3, 3, 3, 4, 3, 3, 3, 5, 5, 3, 3, 5, 5, 3, 4, 3, 4, 4, 3, 3, 5, 4, 4, 4, 5, 4, 4, 3, 3, 3, 3, 4, 3, 3, 4, 4, 5, 3, 4, 3, 3, 4, 4, 3, 4, 3, 4, 3, 4, 3, 3, 4, 4, 3, 3, 4, 3, 4, 
				4, 3, 3, 3, 3, 3, 3, 3, 4, 3, 4, 5, 4, 4, 5, 3, 4, 3, 5, 4, 4, 4, 3, 4, 5, 3, 3, 3, 4, 3, 4, 4, 3, 4, 4, 4, 4, 4, 4, 3, 4, 3, 5, 3, 3, 4, 3, 4, 4, 3, 4, 4, 4, 4, 4, 4, 5, 3, 4, 3, 3, 3, 3, 5, 3, 4, 4, 3, 4, 3, 4, 4, 3, 4, 3, 4, 4, 3, 3, 3, 
				4, 4, 5, 4, 5, 4, 4, 5, 5, 4, 4, 4, 3, 4, 4, 4, 3, 3, 4, 5, 5, 3, 4, 4, 4, 4, 4, 3, 4, 4, 4, 3, 4, 3, 5, 4, 4, 4, 4, 4, 4, 3, 3, 4, 4, 5, 3, 3, 3, 4, 3, 3, 5, 4, 3, 4, 4, 4, 4, 4, 4, 3, 5, 4, 4, 5, 3, 4, 4, 3, 4, 4, 4, 4, 3, 4, 5, 4, 4, 3, 
				4, 5, 3, 3, 3, 4, 3, 4, 4, 4, 4, 4, 4, 4, 3, 4, 4, 3, 4, 4, 4, 4, 4, 4, 4, 4, 4, 4, 4, 4, 4, 4, 4, 3, 5, 4, 3, 4, 3, 5, 5, 3, 3, 3, 4, 4, 5, 3, 5, 4, 4, 4, 4, 3, 4, 4, 4, 4, 3, 4, 4, 3, 3, 5, 4, 3, 4, 4, 3, 5, 4, 3, 3, 4, 5, 4, 4, 4, 3, 3, 
				4, 4, 4, 3, 4, 3, 4, 4, 3, 3, 4, 4, 4, 3, 5, 4, 5, 3, 4, 4, 4, 4, 5, 4, 3, 3, 4, 3, 4, 4, 3, 3, 4, 4, 5, 3, 4, 3, 4, 4, 3, 4, 5, 4, 3, 4, 4, 3, 4, 3, 4, 3, 3, 4, 4, 3, 3, 3, 3, 3, 4, 3, 3, 3, 4, 4, 3, 4, 4, 3, 4, 4, 4, 3, 5, 4, 3, 3, 3, 4, 
				3, 3, 4, 5, 3, 4, 4, 4, 4, 3, 3, 4, 4, 4, 3, 3, 5, 4, 4, 3, 3, 4, 4, 3, 5, 4, 4, 4, 5, 3, 3, 3, 5, 4, 4, 3, 3, 4, 3, 5, 4, 3, 3, 3, 4, 4, 4, 3, 3, 5, 3, 4, 4, 4, 4, 3, 4, 4, 3, 3, 4, 4, 3, 5, 4, 3, 4, 4, 4, 4, 4, 4, 3, 4, 3, 4, 3, 4, 4, 3, 
				4, 4, 5, 5, 5, 4, 5, 4, 3, 3, 4, 3, 4, 5, 4, 4, 4, 3, 5, 4, 3, 3, 4, 3, 4, 4, 5, 4, 3, 4, 4, 3, 3, 4, 3, 4, 5, 4, 4, 4, 3, 3, 4, 3, 3, 4, 5, 4, 3, 4, 4, 3, 4, 5, 4, 3, 4, 3, 3, 4, 4, 3, 3, 4, 4, 4, 3, 3, 3, 3, 4, 4, 4, 3, 3, 4, 5, 5, 4, 4, 
				5, 3, 4, 3, 5, 4, 5, 4, 3, 4, 3, 3, 4, 5, 4, 4, 3, 3, 3, 4, 4, 3, 3, 3, 3, 4, 3, 5, 4, 4, 4, 4, 4, 3, 5, 4, 4, 4, 4, 4, 3, 4, 5, 3, 4, 3, 4, 3, 4, 3, 3, 3, 5, 5, 5, 4, 3, 4, 4, 3, 3, 4, 4, 5, 3, 5, 5, 5, 4, 4, 5, 5, 4, 3, 5, 3, 4, 4, 5, 3, 
				4, 3, 3, 4, 4, 4, 4, 4, 4, 3, 4, 4, 3, 5, 3, 4, 3, 3, 3, 4, 4, 4, 4, 3, 3, 4, 4, 3, 3, 3, 5, 4, 3, 3, 4, 3, 4, 4, 4, 4, 4, 4, 4, 3, 3, 4, 4, 4, 3, 3, 3, 4, 4, 5, 3, 5, 4, 4, 4, 3, 4, 3, 4, 3, 4, 3, 4, 3, 3, 3, 4, 3, 3, 3, 3, 4, 5, 4, 4, 4, 
				4, 4, 4, 3, 3, 3, 4, 4, 5, 3, 4, 3, 3, 4, 4, 4, 3, 4, 3, 3, 3, 4, 3, 4, 3, 3, 5, 4, 4, 3, 3, 5, 4, 4, 4, 4, 3, 4, 3, 4, 4, 5, 4, 3, 4, 4, 3, 4, 3, 4, 5, 4, 4, 3, 3, 5, 4, 4, 4, 4, 4, 4, 4, 5, 5, 4, 3, 5, 3, 4, 4, 3, 5, 4, 3, 4, 5, 4, 3, 4, 
				4, 3, 4, 5, 4, 3, 3, 4, 3, 4, 3, 4, 3, 3, 4, 3, 4, 3, 3, 3, 4, 4, 4, 4, 4, 4, 3, 5, 4, 3, 3, 3, 3, 3, 5, 3, 4, 4, 4, 4, 3, 3, 4, 4, 3, 4, 3, 3, 3, 4, 3, 4, 3, 3, 4, 3, 4, 3, 3, 3, 4, 4, 3, 4, 4, 3, 5, 4, 3, 4, 3, 4, 3, 5, 5, 5, 4, 3, 4, 4, 
				5, 5, 4, 3, 3, 3, 4, 4, 4, 4, 3, 4, 4, 4, 4, 3, 4, 5, 5, 4, 4, 4, 3, 3, 4, 4, 4, 4, 3, 4, 4, 3, 4, 4, 4, 3, 3, 3, 5, 4, 4, 3, 4, 2, 4, 3, 4, 4, 5, 4, 3, 3, 3, 3, 4, 3, 4, 3, 4, 3, 4, 3, 4, 4, 3, 3, 4, 4, 4, 3, 3, 3, 4, 3, 3, 4, 4, 4, 4, 4, 
				4, 3, 3, 3, 4, 3, 3, 4, 3, 4, 4, 4, 3, 4, 5, 5, 4, 4, 4, 3, 4, 3, 5, 3, 4, 4, 3, 4, 4, 3, 4, 4, 4, 3, 4, 3, 5, 4, 4, 4, 3, 4, 4, 5, 5, 4, 3, 4, 4, 3, 4, 5, 4, 4, 3, 3, 4, 3, 3, 4, 4, 3, 4, 4, 3, 4, 3, 5, 3, 3, 3, 4, 3, 3, 3, 4, 5, 5, 4, 4, 
				5, 4, 4, 4, 4, 5, 4, 4, 3, 4, 4, 3, 3, 5, 5, 4, 4, 4, 5, 3, 5, 4, 3, 4, 3, 4, 4, 4, 3, 4, 3, 3, 4, 4, 4, 5, 3, 4, 5, 4, 3, 3, 3, 5, 3, 4, 4, 4, 3, 3, 3, 3, 3, 4, 4, 5, 4, 5, 3, 3, 3, 4, 4, 3, 4, 4, 4, 4, 4, 3, 3, 4, 3, 3, 4, 4, 3, 3, 4, 4, 
				4, 3, 5, 4, 3, 3, 4, 3, 3, 5, 4, 4, 4, 4, 5, 5, 3, 3, 3, 5, 3, 3, 4, 4, 4, 4, 3, 3, 4, 4, 4, 5, 4, 4, 3, 4, 4, 4, 3, 3, 4, 4, 4, 3, 3, 4, 4, 4, 4, 4, 3, 5, 4, 4, 4, 4, 4, 3, 3, 4, 4, 3, 4, 5, 4, 5, 4, 4, 4, 3, 5, 4, 3, 4, 4, 5, 4, 5, 5, 4, 
				4, 4, 3, 3, 4, 3, 3, 5, 3, 3, 3, 3, 4, 3, 3, 4, 4, 3, 3, 4, 3, 4, 4, 5, 5, 4, 3, 4, 3, 3, 4, 4, 5, 5, 4, 3, 4, 4, 3, 5, 3, 4, 3, 4, 4, 3, 3, 3, 3, 3, 4, 4, 3, 4, 5, 3, 3, 4, 4, 4, 4, 4, 3, 5, 3, 4, 3, 4, 4, 4, 4, 4, 4, 5, 3, 5, 5, 5, 3, 3, 
				3, 3, 3, 3, 4, 4, 3, 5, 3, 3, 3, 4, 3, 3, 3, 3, 3, 4, 3, 3, 5, 4, 4, 4, 4, 4, 4, 5, 4, 5, 4, 3, 4, 4, 4, 4, 4, 3, 3, 3, 4, 3, 3, 4, 3, 4, 3, 3, 3, 4, 4, 3, 3, 4, 3, 3, 4, 3, 3, 3, 3, 4, 3, 3, 3, 4, 4, 4, 4, 4, 3, 4, 4, 3, 4, 5, 4, 4, 4, 3, 
				5, 4, 5, 3, 4, 3, 4, 3, 3, 3, 3, 3, 3, 4, 4, 4, 3, 3, 4, 4, 3, 3, 3, 4, 3, 4, 4, 4, 3, 4, 5, 3, 4, 4, 3, 4, 4, 4, 3, 3, 3, 3, 5, 3, 4, 5, 3, 4, 3, 4, 5, 5, 3, 3, 5, 3, 5, 3, 3, 3, 4, 5, 4, 4, 3, 5, 4, 3, 4, 3, 4, 4, 3, 3, 4, 4, 4, 3, 4, 5, 
				5, 3, 3, 3, 3, 3, 4, 4, 3, 3, 3, 5, 5, 5, 4, 3, 4, 3, 3, 4, 4, 4, 5, 4, 4, 4, 4, 4, 4, 3, 5, 4, 3, 3, 3, 3, 4, 4, 3, 3, 3, 4, 5, 3, 5, 4, 4, 4, 4, 5, 4, 4, 4, 4, 4, 5, 3, 3, 3, 4, 3, 4, 4, 4, 3, 4, 3, 4, 4, 4, 3, 3, 4, 3, 3, 4, 4, 4, 4, 4, 
				5, 4, 3, 4, 4, 4, 4, 3, 4, 4, 3, 3, 3, 3, 3, 3, 5, 3, 3, 3, 4, 3, 4, 3, 3, 3, 5, 4, 5, 4, 4, 4, 3, 5, 3, 3, 4, 5, 3, 3, 3, 3, 3, 4, 5, 3, 3, 3, 3, 4, 4, 4, 5, 4, 4, 4, 4, 4, 4, 4, 3, 3, 4, 5, 5, 3, 3, 3, 3, 3, 5, 3, 3, 4, 4, 3, 4, 4, 4, 4, 
				5, 4, 3, 4, 3, 3, 3, 4, 4, 4, 3, 3, 3, 3, 3, 4, 3, 3, 3, 4, 3, 5, 4, 5, 4, 3, 3, 4, 3, 4, 5, 3, 4, 3, 4, 4, 5, 5, 9, 14, 19, 22, 26, 28, 30, 33, 34, 35, 37, 38, 39, 38, 40, 41, 40, 40, 40, 41, 42, 41, 43, 42, 42, 42, 42, 43, 42, 43, 43, 42, 43, 43, 42, 44, 42, 43, 43, 43, 42, 43, 
				44, 43, 44, 44, 44, 43, 44, 43, 43, 43, 43, 43, 43, 43, 44, 42, 43, 43, 43, 42, 43, 43, 44, 43, 44, 42, 43, 43, 44, 43, 44, 43, 43, 42, 43, 42, 42, 43, 43, 44, 43, 43, 42, 42, 44, 43, 44, 44, 43, 44, 44, 43, 44, 44, 43, 44, 43, 44, 44, 44, 44, 43, 43, 44, 44, 43, 44, 42, 43, 43, 43, 43, 43, 43, 44, 43, 43, 44, 44, 43, 
				44, 42, 43, 43, 44, 43, 43, 42, 43, 43, 44, 44, 43, 43, 44, 42, 42, 44, 44, 43, 44, 43, 42, 43, 44, 43, 44, 43, 44, 43, 43, 43, 44, 43, 43, 44, 44, 43, 43, 42, 42, 44, 43, 42, 44, 43, 43, 43, 44, 44, 44, 43, 44, 43, 43, 43, 42, 43, 43, 43, 43, 44, 43, 44, 43, 43, 44, 42, 43, 42, 44, 43, 44, 43, 44, 43, 42, 43, 44, 44, 
				44, 42, 43, 43, 44, 43, 44, 42, 44, 44, 43, 43, 44, 43, 43, 44, 42, 44, 43, 43, 43, 43, 42, 44, 44, 42, 44, 44, 43, 43, 42, 43, 44, 43, 43, 44, 43, 42, 43, 43, 43, 43, 43, 43, 44, 44, 43, 43, 43, 43, 44, 42, 42, 42, 42, 43, 43, 43, 44, 43, 43, 44, 43, 43, 43, 44, 44, 44, 42, 43, 44, 43, 43, 43, 43, 43, 44, 44, 43, 43, 
				44, 43, 43, 44, 44, 43, 44, 43, 42, 44, 43, 43, 42, 43, 44, 43, 44, 43, 42, 42, 44, 44, 44, 42, 44, 43, 44, 44, 44, 44, 44, 43, 44, 44, 44, 43, 43, 44, 44, 43, 44, 44, 44, 43, 43, 42, 43, 43, 43, 42, 44, 42, 44, 44, 44, 43, 43, 44, 44, 44, 43, 44, 44, 43, 43, 44, 43, 42, 44, 43, 43, 43, 44, 42, 43, 42, 43, 44, 44, 42, 
				44, 43, 43, 44, 43, 42, 43, 43, 44, 43, 43, 42, 44, 44, 44, 42, 44, 44, 43, 42, 44, 44, 43, 43, 43, 42, 43, 43, 44, 43, 43, 44, 44, 43, 42, 42, 43, 43, 43, 43, 43, 44, 43, 43, 44, 44, 43, 43, 43, 43, 44, 42, 43, 43, 43, 43, 44, 44, 43, 44, 42, 43, 43, 43, 43, 43, 44, 42, 42, 43, 44, 43, 43, 43, 43, 42, 44, 44, 44, 43, 
				42, 43, 42, 43, 42, 44, 42, 44, 43, 42, 44, 43, 44, 44, 43, 43, 44, 44, 42, 43, 43, 43, 44, 42, 44, 44, 43, 42, 42, 44, 44, 43, 44, 42, 43, 43, 43, 44, 43, 43, 43, 43, 44, 44, 43, 43, 44, 44, 43, 43, 44, 43, 43, 43, 44, 43, 44, 43, 43, 42, 43, 43, 43, 44, 44, 44, 44, 44, 43, 44, 44, 43, 42, 43, 44, 42, 43, 43, 44, 44, 
				44, 42, 43, 43, 44, 43, 44, 44, 44, 43, 44, 43, 44, 43, 43, 43, 44, 42, 44, 43, 42, 44, 44, 43, 44, 44, 44, 44, 42, 43, 43, 43, 43, 43, 42, 43, 42, 42, 43, 44, 43, 42, 43, 43, 43, 43, 44, 44, 44, 42, 43, 44, 43, 43, 44, 43, 44, 42, 44, 42, 44, 42, 44, 43, 43, 44, 44, 43, 44, 43, 43, 44, 43, 44, 44, 43, 43, 43, 43, 44, 
				43, 43, 44, 44, 43, 44, 43, 44, 44, 43, 43, 44, 43, 43, 43, 42, 44, 44, 44, 43, 43, 44, 43, 44, 44, 44, 43, 43, 44, 42, 43, 42, 42, 42, 43, 43, 43, 43, 44, 43, 42, 44, 43, 44, 43, 44, 43, 43, 44, 42, 43, 43, 43, 44, 44, 43, 43, 42, 43, 43, 43, 43, 43, 44, 44, 44, 42, 44, 43, 44, 43, 44, 43, 44, 43, 43, 43, 42, 44, 42, 
				43, 43, 44, 44, 44, 43, 43, 44, 44, 43, 44, 43, 43, 43, 43, 44, 44, 42, 43, 44, 43, 42, 43, 44, 43, 43, 43, 43, 43, 43, 44, 43, 44, 43, 44, 44, 44, 44, 44, 44, 43, 44, 44, 44, 44, 42, 44, 43, 44, 44, 44, 43, 42, 44, 43, 44, 44, 43, 44, 42, 43, 42, 43, 44, 44, 44, 42, 43, 44, 44, 44, 42, 43, 43, 43, 43, 43, 44, 43, 43, 
				44, 43, 44, 44, 43, 43, 42, 43, 43, 42, 44, 44, 43, 43, 43, 44, 43, 44, 44, 44, 43, 43, 44, 43, 43, 44, 44, 43, 43, 43, 44, 43, 43, 44, 44, 43, 44, 43, 43, 44, 44, 44, 44, 43, 44, 44, 43, 43, 43, 44, 44, 43, 44, 42, 43, 44, 44, 43, 42, 42, 44, 42, 42, 44, 42, 43, 43, 43, 44, 44, 43, 43, 43, 44, 44, 42, 44, 44, 44, 44, 
				42, 43, 43, 43, 44, 44, 44, 44, 43, 43, 44, 42, 43, 42, 44, 42, 42, 43, 43, 43, 42, 44, 44, 43, 44, 44, 44, 44, 42, 44, 44, 44, 44, 44, 44, 43, 44, 43, 44, 44, 43, 44, 43, 44, 44, 44, 42, 44, 43, 44, 44, 43, 44, 43, 43, 42, 43, 43, 43, 43, 43, 44, 43, 44, 44, 42, 43, 44, 43, 43, 44, 43, 43, 44, 44, 42, 44, 44, 42, 44, 
				43, 43, 43, 44, 44, 42, 42, 43, 44, 42, 43, 43, 43, 42, 43, 44, 44, 43, 44, 44, 43, 44, 42, 44, 43, 44, 44, 43, 44, 43, 44, 44, 44, 43, 43, 43, 43, 43, 43, 43, 44, 44, 43, 43, 44, 43, 44, 44, 43, 43, 44, 43, 43, 43, 42, 43, 44, 43, 44, 42, 44, 44, 44, 44, 44, 42, 43, 43, 44, 43, 43, 43, 44, 43, 44, 43, 43, 43, 44, 43, 
				44, 43, 44, 42, 43, 43, 44, 44, 42, 44, 44, 44, 43, 44, 44, 44, 43, 44, 42, 43, 43, 43, 44, 42, 43, 43, 44, 43, 43, 43, 44, 44, 42, 44, 44, 42, 43, 42, 43, 44, 43, 43, 44, 44, 44, 42, 43, 43, 43, 43, 44, 43, 43, 44, 44, 43, 44, 43, 43, 44, 44, 44, 44, 44, 42, 44, 44, 43, 44, 43, 44, 44, 43, 42, 42, 43, 44, 42, 42, 44, 
				42, 43, 43, 42, 44, 44, 44, 44, 44, 43, 44, 44, 44, 44, 43, 43, 43, 43, 43, 44, 42, 44, 43, 43, 44, 44, 43, 44, 44, 43, 44, 43, 43, 43, 44, 44, 43, 42, 44, 44, 43, 43, 44, 43, 43, 43, 42, 43, 42, 43, 43, 44, 43, 43, 43, 43, 43, 43, 43, 42, 43, 43, 43, 43, 42, 43, 44, 42, 43, 44, 44, 42, 43, 44, 43, 43, 42, 44, 44, 43, 
				44, 42, 44, 43, 43, 43, 42, 44, 44, 44, 43, 44, 43, 42, 44, 43, 43, 43, 43, 42, 43, 44, 43, 42, 43, 43, 44, 43, 44, 42, 43, 43, 44, 43, 44, 43, 43, 43, 42, 42, 44, 44, 42, 44, 42, 44, 42, 44, 43, 43, 43, 44, 43, 44, 44, 43, 44, 43, 43, 43, 43, 44, 44, 44, 44, 43, 44, 43, 43, 43, 42, 44, 44, 43, 43, 44, 43, 43, 43, 43, 
				44, 43, 42, 44, 43, 43, 44, 42, 44, 42, 43, 44, 43, 44, 44, 42, 43, 42, 43, 44, 44, 44, 44, 44, 43, 44, 43, 42, 43, 44, 42, 44, 43, 43, 43, 42, 43, 43, 42, 43, 44, 43, 44, 43, 43, 44, 42, 42, 43, 43, 44, 44, 43, 44, 43, 44, 44, 43, 44, 44, 44, 43, 44, 44, 43, 44, 42, 43, 43, 44, 44, 44, 43, 44, 44, 43, 44, 42, 42, 43, 
				42, 44, 44, 44, 44, 44, 43, 43, 43, 43, 44, 43, 43, 42, 44, 42, 44, 43, 44, 43, 43, 42, 43, 43, 43, 44, 43, 43, 43, 43, 44, 43, 42, 43, 44, 44, 43, 44, 44, 42, 44, 43, 42, 44, 44, 42, 44, 44, 44, 43, 44, 43, 44, 44, 44, 42, 42, 42, 43, 43, 44, 44, 42, 43, 43, 44, 43, 44, 43, 43, 42, 44, 43, 43, 43, 43, 43, 44, 44, 43, 
				44, 43, 44, 42, 42, 43, 44, 43, 44, 43, 44, 43, 44, 44, 43, 42, 43, 43, 44, 43, 43, 44, 44, 44, 42, 44, 43, 43, 43, 43, 44, 43, 43, 42, 43, 44, 43, 43, 44, 43, 44, 44, 43, 42, 42, 43, 43, 42, 43, 42, 43, 44, 43, 43, 42, 43, 44, 42, 42, 44, 43, 43, 44, 42, 44, 43, 43, 42, 43, 44, 44, 44, 43, 42, 43, 44, 44, 44, 43, 43, 
				44, 43, 44, 43, 43, 42, 44, 44, 44, 44, 43, 44, 43, 44, 42, 44, 44, 44, 44, 44, 44, 44, 44, 42, 43, 42, 43, 42, 44, 43, 43, 43, 43, 44, 43, 44, 44, 42, 42, 42, 42, 44, 43, 44, 43, 44, 43, 43, 42, 44, 43, 42, 44, 44, 44, 44, 43, 43, 44, 44, 43, 44, 42, 44, 44, 44, 43, 43, 42, 42, 43, 42, 43, 43, 43, 42, 42, 43, 44, 42, 
				43, 44, 44, 43, 43, 44, 44, 44, 44, 43, 42, 44, 43, 44, 42, 43, 42, 43, 44, 43, 43, 43, 43, 44, 43, 43, 44, 42, 43, 43, 43, 43, 42, 44, 43, 43, 42, 43, 43, 43, 44, 43, 43, 42, 43, 42, 43, 43, 43, 43, 42, 43, 42, 43, 43, 44, 43, 44, 44, 43, 43, 43, 43, 43, 42, 42, 44, 43, 42, 43, 44, 43, 44, 43, 43, 42, 44, 42, 44, 44, 
				44, 44, 42, 42, 43, 43, 42, 44, 43, 42, 44, 42, 43, 42, 43, 44, 43, 44, 42, 42, 44, 42, 44, 43, 43, 42, 43, 43, 44, 44, 44, 43, 44, 42, 43, 43, 42, 43, 43, 44, 43, 44, 44, 43, 44, 43, 44, 44, 43, 42, 43, 44, 43, 42, 44, 43, 44, 43, 43, 43, 44, 43, 43, 43, 43, 43, 43, 43, 44, 43, 43, 43, 43, 43, 43, 43, 42, 44, 44, 43, 
				44, 44, 43, 43, 43, 44, 43, 42, 43, 44, 44, 43, 43, 43, 43, 42, 44, 42, 44, 42, 42, 43, 43, 43, 43, 43, 44, 44, 43, 43, 43, 43, 42, 44, 44, 44, 42, 43, 44, 44, 43, 43, 42, 42, 44, 42, 43, 44, 43, 43, 44, 43, 43, 43, 43, 43, 42, 44, 42, 43, 44, 43, 42, 44, 43, 44, 43, 43, 44, 42, 42, 42, 44, 43, 43, 44, 43, 43, 43, 43, 
				42, 43, 43, 43, 43, 44, 42, 42, 43, 43, 43, 43, 43, 42, 44, 43, 44, 43, 44, 43, 44, 44, 44, 42, 43, 42, 42, 43, 43, 42, 43, 43, 44, 43, 43, 44, 43, 44, 43, 43, 43, 43, 44, 43, 44, 43, 43, 44, 43, 43, 44, 43, 43, 44, 43, 42, 44, 42, 42, 43, 44, 44, 42, 43, 42, 44, 43, 44, 43, 42, 44, 43, 43, 44, 44, 44, 43, 42, 43, 44, 
				43, 44, 43, 43, 42, 44, 44, 44, 43, 42, 44, 43, 44, 44, 44, 43, 42, 42, 43, 43, 43, 42, 43, 43, 44, 43, 43, 43, 42, 44, 43, 43, 42, 43, 42, 43, 43, 44, 44, 42, 43, 42, 43, 43, 42, 43, 44, 42, 43, 44, 42, 43, 43, 43, 43, 44, 42, 44, 43, 44, 43, 44, 42, 44, 43, 43, 44, 44, 44, 43, 44, 43, 44, 43, 43, 43, 43, 42, 43, 44, 
				43, 43, 43, 44, 44, 42, 43, 43, 44, 44, 44, 42, 44, 43, 43, 43, 43, 42, 44, 44, 43, 43, 44, 43, 44, 43, 43, 43, 43, 42, 43, 44, 43, 42, 43, 43, 43, 43, 44, 43, 44, 43, 44, 42, 43, 42, 44, 44, 44, 42, 42, 44, 43, 44, 43, 43, 44, 43, 43, 43, 42, 42, 43, 43, 43, 44, 44, 43, 43, 44, 44, 43, 43, 42, 43, 44, 42, 43, 43, 43, 
				44, 43, 44, 43, 43, 43, 43, 43, 42, 43, 42, 43, 43, 42, 43, 43, 43, 44, 42, 43, 43, 44, 43, 43, 43, 44, 42, 44, 44, 43, 43, 42, 44, 43, 43, 43, 43, 43, 44, 43, 43, 43, 43, 43, 43, 44, 42, 43, 43, 44, 43, 43, 43, 43, 42, 44, 43, 44, 43, 44, 44, 43, 42, 42, 44, 44, 43, 43, 44, 43, 42, 44, 42, 42, 44, 43, 43, 44, 44, 43, 
				44, 43, 42, 44, 44, 44, 43, 44, 44, 44, 44, 43, 44, 43, 43, 42, 44, 43, 44, 44, 43, 44, 44, 43, 44, 43, 43, 43, 43, 44, 43, 42, 43, 44, 43, 44, 43, 42, 43, 43, 43, 43, 44, 43, 44, 44, 44, 43, 42, 43, 42, 42, 43, 43, 43, 42, 44, 43, 43, 43, 42, 44, 43, 43, 42, 44, 43, 43, 44, 43, 43, 44, 43, 43, 43, 43, 42, 43, 44, 43, 
				44, 44, 44, 43, 42, 43, 44, 43, 44, 43, 43, 43, 43, 43, 44, 44, 43, 44, 44, 43, 44, 43, 44, 42, 43, 43, 44, 44, 44, 43, 44, 43, 44, 44, 44, 43, 43, 42, 43, 43, 43, 43, 44, 42, 42, 43, 43, 43, 43, 43, 42, 43, 42, 44, 43, 42, 43, 43, 43, 44, 43, 44, 44, 43, 44, 43, 44, 44, 44, 44, 42, 43, 43, 43, 43, 43, 42, 44, 43, 43, 
				43, 43, 44, 44, 44, 43, 44, 44, 43, 43, 43, 43, 43, 43, 44, 44, 42, 43, 43, 43, 44, 44, 42, 43, 44, 42, 44, 44, 42, 44, 43, 42, 42, 44, 44, 42, 44, 43, 43, 43, 44, 44, 43, 44, 43, 44, 43, 43, 42, 43, 44, 44, 44, 44, 43, 43, 44, 43, 42, 43, 44, 42, 42, 44, 44, 44, 43, 42, 43, 43, 43, 44, 44, 43, 44, 42, 42, 42, 42, 42, 
				42, 43, 43, 44, 44, 44, 44, 43, 42, 43, 42, 44, 44, 43, 44, 42, 42, 43, 42, 43, 44, 43, 43, 44, 43, 43, 44, 44, 44, 43, 44, 43, 42, 44, 43, 43, 43, 42, 42, 44, 43, 44, 43, 44, 42, 43, 43, 43, 42, 42, 44, 44, 44, 43, 43, 43, 44, 44, 42, 43, 43, 44, 43, 42, 42, 43, 43, 43, 44, 44, 44, 43, 43, 42, 42, 44, 43, 44, 43, 44, 
				43, 42, 43, 42, 44, 42, 44, 43, 44, 43, 43, 43, 43, 42, 42, 43, 43, 43, 44, 43, 44, 44, 42, 43, 44, 44, 44, 44, 42, 43, 43, 44, 43, 43, 43, 44, 42, 42, 43, 43, 44, 43, 43, 43, 44, 41, 43, 43, 44, 44, 43, 43, 43, 42, 43, 43, 44, 44, 43, 43, 43, 43, 43, 43, 43, 43, 44, 42, 44, 43, 44, 44, 42, 44, 43, 44, 43, 44, 43, 43, 
				43, 42, 44, 44, 44, 44, 42, 42, 44, 44, 43, 44, 44, 44, 44, 43, 44, 42, 44, 43, 42, 44, 43, 43, 43, 43, 43, 43, 44, 43, 44, 44, 43, 44, 44, 43, 43, 44, 43, 43, 42, 44, 42, 43, 42, 44, 43, 43, 44, 43, 42, 42, 44, 43, 44, 43, 44, 44, 43, 44, 44, 44, 44, 42, 43, 43, 44, 43, 44, 44, 43, 43, 43, 43, 43, 44, 42, 43, 43, 43, 
				43, 44, 43, 44, 43, 43, 42, 44, 44, 44, 44, 43, 43, 43, 43, 44, 43, 44, 43, 43, 44, 43, 44, 44, 43, 43, 43, 44, 42, 43, 42, 44, 42, 43, 44, 42, 43, 42, 43, 43, 43, 44, 43, 43, 43, 43, 43, 43, 43, 44, 44, 44, 44, 43, 44, 43, 44, 42, 43, 44, 43, 43, 43, 43, 43, 43, 43, 42, 44, 42, 42, 43, 43, 43, 43, 44, 43, 42, 44, 42, 
				42, 42, 43, 44, 44, 43, 42, 44, 44, 42, 42, 44, 44, 44, 44, 43, 42, 43, 42, 43, 43, 44, 44, 43, 44, 44, 43, 42, 42, 44, 43, 44, 43, 43, 43, 43, 42, 43, 43, 44, 44, 42, 42, 43, 42, 44, 42, 43, 43, 42, 42, 44, 44, 43, 42, 43, 44, 43, 44, 43, 43, 44, 42, 43, 44, 42, 43, 42, 43, 42, 43, 44, 44, 43, 42, 43, 42, 43, 42, 43, 
				42, 44, 44, 44, 43, 42, 43, 43, 43, 42, 43, 44, 44, 44, 44, 43, 43, 44, 44, 43, 42, 43, 43, 43, 43, 42, 43, 44, 42, 42, 44, 44, 44, 42, 44, 44, 43, 42, 43, 43, 42, 43, 44, 44, 43, 43, 42, 43, 44, 42, 44, 44, 43, 43, 42, 44, 43, 43, 44, 43, 42, 44, 43, 43, 43, 42, 43, 42, 43, 44, 44, 44, 42, 44, 42, 44, 43, 44, 44, 43, 
				43, 43, 43, 42, 43, 43, 43, 42, 42, 44, 43, 44, 44, 42, 43, 44, 44, 43, 43, 44, 43, 43, 43, 44, 44, 43, 43, 43, 44, 43, 43, 43, 43, 44, 43, 43, 44, 43, 44, 44, 43, 43, 43, 43, 43, 43, 44, 43, 43, 43, 43, 43, 44, 43, 43, 42, 44, 43, 44, 43, 43, 43, 43, 42, 43, 44, 43, 42, 44, 42, 43, 43, 42, 44, 44, 43, 44, 43, 43, 44, 
				43, 44, 42, 43, 42, 43, 44, 43, 44, 43, 43, 42, 43, 43, 42, 43, 43, 44, 44, 42, 42, 42, 43, 42, 42, 43, 42, 43, 43, 44, 43, 43, 44, 42, 43, 43, 44, 43, 43, 43, 43, 44, 42, 44, 42, 43, 42, 43, 43, 43, 42, 42, 43, 42, 44, 43, 43, 43, 43, 42, 43, 42, 43, 43, 43, 42, 44, 43, 44, 42, 42, 42, 43, 42, 44, 44, 44, 44, 44, 44, 
				42, 43, 43, 43, 42, 43, 42, 43, 43, 43, 43, 43, 42, 44, 43, 44, 44, 42, 42, 43, 42, 43, 43, 43, 43, 43, 43, 42, 44, 43, 42, 42, 44, 43, 42, 43, 43, 42, 43, 42, 44, 43, 43, 42, 43, 43, 43, 43, 43, 42, 44, 43, 44, 43, 43, 43, 43, 43, 44, 43, 43, 42, 43, 44, 43, 43, 44, 44, 43, 43, 43, 43, 44, 43, 44, 43, 44, 43, 42, 44, 
				44, 42, 44, 43, 44, 43, 43, 43, 43, 43, 43, 43, 43, 42, 43, 42, 42, 44, 44, 44, 43, 42, 43, 42, 44, 43, 43, 44, 43, 44, 43, 43, 44, 44, 43, 42, 43, 42, 44, 44, 44, 43, 43, 42, 43, 43, 43, 43, 43, 43, 43, 43, 43, 43, 42, 44, 43, 43, 44, 43, 44, 42, 43, 43, 44, 44, 42, 43, 44, 43, 43, 43, 43, 43, 44, 42, 43, 43, 43, 43, 
				42, 43, 44, 43, 44, 42, 43, 43, 43, 44, 43, 42, 44, 42, 44, 43, 44, 44, 43, 44, 43, 43, 44, 43, 43, 43, 43, 43, 42, 42, 42, 43, 43, 43, 43, 44, 42, 43, 43, 43, 42, 43, 43, 43, 43, 44, 43, 43, 42, 43, 44, 43, 44, 43, 43, 43, 43, 43, 42, 42, 43, 44, 43, 43, 44, 42, 44, 43, 42, 43, 44, 43, 43, 44, 42, 43, 44, 42, 43, 43, 
				42, 43, 44, 43, 43, 42, 44, 43, 44, 44, 42, 42, 44, 44, 42, 44, 43, 42, 43, 44, 43, 43, 44, 42, 42, 42, 43, 43, 44, 44, 44, 43, 44, 43, 43, 44, 43, 44, 43, 44, 44, 42, 43, 43, 44, 43, 42, 43, 44, 42, 43, 44, 43, 43, 43, 43, 44, 42, 44, 44, 42, 43, 44, 42, 43, 43, 42, 43, 44, 44, 44, 44, 42, 42, 42, 44, 43, 42, 42, 42, 
				43, 42, 42, 42, 44, 43, 44, 43, 43, 42, 43, 43, 43, 43, 43, 43, 43, 43, 43, 42, 43, 43, 42, 43, 43, 43, 43, 43, 43, 43, 44, 42, 44, 44, 43, 43, 43, 43, 44, 42, 42, 44, 44, 44, 43, 43, 43, 43, 44, 43, 44, 43, 43, 43, 43, 43, 42, 42, 44, 43, 43, 43, 43, 42, 42, 42, 43, 42, 43, 43, 42, 44, 44, 42, 42, 43, 43, 44, 42, 43, 
				44, 43, 42, 44, 44, 44, 42, 44, 42, 43, 43, 43, 43, 42, 42, 43, 43, 44, 42, 42, 42, 43, 42, 42, 44, 44, 43, 44, 44, 43, 44, 42, 43, 43, 44, 43, 43, 43, 43, 43, 43, 42, 42, 43, 43, 43, 43, 44, 44, 44, 42, 43, 42, 42, 43, 43, 43, 44, 44, 43, 43, 43, 43, 43, 42, 43, 43, 42, 43, 44, 43, 43, 44, 42, 44, 44, 43, 43, 42, 43, 
				44, 43, 43, 43, 43, 43, 44, 43, 42, 44, 44, 44, 44, 43, 43, 44, 42, 43, 42, 44, 43, 43, 43, 43, 42, 42, 42, 44, 42, 44, 44, 44, 43, 43, 44, 43, 43, 43, 43, 44, 43, 43, 43, 42, 44, 42, 42, 44, 42, 43, 43, 43, 43, 42, 42, 43, 44, 43, 44, 43, 42, 44, 44, 43, 44, 44, 42, 44, 43, 44, 43, 44, 44, 43, 43, 42, 43, 43, 44, 44, 
				43, 43, 42, 43, 42, 43, 43, 43, 43, 43, 44, 43, 42, 42, 44, 44, 43, 42, 43, 42, 44, 42, 43, 42, 43, 43, 43, 44, 43, 43, 43, 43, 42, 44, 43, 43, 44, 42, 44, 42, 43, 44, 44, 44, 42, 43, 44, 42, 42, 43, 43, 42, 43, 44, 44, 44, 44, 42, 44, 42, 43, 43, 43, 42, 43, 43, 44, 42, 42, 42, 44, 43, 42, 43, 43, 43, 44, 42, 43, 44, 
				44, 43, 44, 42, 44, 43, 43, 44, 43, 43, 42, 42, 43, 43, 43, 44, 43, 43, 44, 43, 42, 42, 44, 43, 43, 43, 44, 42, 43, 43, 43, 43, 43, 44, 44, 42, 43, 42, 42, 43, 44, 44, 44, 43, 42, 42, 43, 44, 43, 42, 43, 43, 42, 43, 42, 44, 43, 43, 42, 44, 42, 42, 43, 43, 43, 43, 42, 42, 43, 43, 42, 43, 42, 43, 42, 43, 43, 43, 42, 42, 
				43, 44, 43, 43, 43, 44, 44, 43, 44, 43, 43, 43, 42, 44, 43, 44, 44, 44, 42, 42, 43, 44, 44, 43, 43, 43, 43, 43, 43, 43, 43, 43, 42, 42, 44, 44, 42, 43, 43, 42, 43, 44, 44, 43, 44, 43, 44, 43, 44, 43, 44, 43, 44, 42, 44, 43, 44, 42, 43, 43, 43, 43, 43, 44, 43, 44, 43, 43, 42, 43, 43, 44, 43, 43, 43, 43, 44, 43, 43, 44, 
				43, 42, 43, 43, 43, 44, 44, 44, 43, 44, 43, 43, 44, 43, 43, 43, 44, 43, 42, 43, 44, 43, 43, 43, 44, 43, 44, 44, 43, 43, 42, 42, 44, 43, 43, 43, 42, 44, 44, 44, 42, 43, 44, 44, 44, 44, 44, 42, 42, 44, 43, 43, 43, 43, 43, 43, 44, 44, 43, 44, 43, 43, 44, 43, 44, 43, 44, 43, 44, 44, 42, 44, 43, 44, 43, 43, 43, 43, 43, 44, 
				43, 43, 43, 43, 43, 44, 44, 43, 43, 43, 42, 43, 44, 43, 43, 43, 43, 43, 42, 43, 43, 43, 44, 43, 44, 43, 44, 42, 42, 44, 43, 43, 44, 44, 44, 43, 44, 42, 44, 43, 42, 43, 44, 44, 43, 43, 43, 43, 43, 44, 44, 44, 44, 43, 43, 44, 43, 44, 44, 43, 42, 42, 44, 43, 42, 43, 43, 43, 43, 43, 44, 42, 43, 43, 43, 42, 42, 42, 44, 43, 
				43, 43, 42, 42, 43, 44, 43, 43, 44, 43, 43, 44, 42, 43, 43, 44, 44, 43, 44, 42, 42, 44, 43, 43, 42, 43, 43, 42, 42, 42, 43, 43, 44, 43, 42, 43, 44, 43, 43, 43, 43, 42, 43, 42, 43, 43, 44, 44, 43, 43, 43, 42, 42, 44, 43, 44, 42, 42, 44, 43, 44, 43, 43, 42, 44, 43, 43, 44, 42, 43, 43, 44, 42, 44, 43, 44, 44, 42, 42, 43, 
				43, 43, 43, 42, 42, 44, 43, 44, 44, 43, 44, 43, 43, 43, 43, 44, 42, 43, 43, 43, 43, 42, 44, 43, 43, 43, 43, 43, 44, 43, 42, 44, 44, 44, 44, 43, 44, 43, 43, 42, 42, 44, 44, 44, 43, 44, 43, 44, 43, 43, 43, 42, 44, 42, 44, 44, 44, 44, 43, 43, 43, 43, 43, 42, 44, 44, 42, 44, 43, 43, 44, 43, 44, 44, 43, 43, 42, 43, 43, 43, 
				42, 44, 44, 42, 43, 43, 42, 43, 43, 43, 42, 43, 43, 44, 44, 43, 44, 44, 43, 44, 43, 43, 42, 44, 43, 43, 44, 44, 44, 43, 43, 43, 43, 43, 43, 43, 44, 43, 44, 44, 42, 43, 43, 43, 42, 42, 44, 43, 43, 43, 43, 42, 44, 43, 42, 43, 44, 43, 44, 44, 42, 42, 43, 43, 44, 43, 43, 43, 44, 43, 43, 44, 43, 43, 44, 44, 43, 42, 44, 42, 
				44, 43, 43, 43, 44, 42, 43, 43, 43, 43, 43, 42, 42, 43, 43, 44, 43, 42, 44, 43, 44, 43, 43, 44, 44, 44, 42, 42, 43, 43, 44, 44, 43, 44, 42, 43, 43, 43, 42, 44, 43, 44, 44, 44, 43, 42, 43, 43, 42, 44, 43, 44, 43, 42, 44, 42, 42, 43, 43, 42, 43, 43, 44, 42, 43, 42, 42, 44, 44, 44, 42, 43, 42, 43, 44, 44, 42, 44, 44, 42, 
				43, 44, 43, 43, 42, 42, 43, 43, 43, 43, 44, 44, 44, 43, 44, 44, 43, 44, 44, 43, 42, 42, 43, 44, 44, 44, 43, 43, 43, 42, 44, 43, 43, 44, 43, 43, 42, 44, 44, 43, 42, 42, 44, 43, 43, 43, 44, 43, 44, 43, 43, 43, 44, 44, 44, 43, 43, 43, 43, 43, 43, 43, 43, 44, 44, 43, 43, 44, 43, 43, 43, 44, 43, 43, 44, 43, 43, 43, 44, 43, 
				43, 43, 43, 43, 43, 44, 43, 42, 43, 43, 43, 44, 43, 44, 42, 43, 42, 44, 43, 43, 43, 43, 43, 42, 42, 44, 43, 42, 42, 43, 44, 43, 44, 42, 43, 43, 43, 43, 42, 44, 42, 42, 43, 43, 43, 44, 42, 43, 43, 43, 43, 43, 43, 43, 42, 42, 44, 42, 42, 44, 43, 43, 43, 43, 44, 43, 43, 43, 42, 43, 42, 44, 42, 43, 43, 44, 43, 42, 43, 42, 
				43, 43, 43, 42, 43, 43, 44, 44, 43, 43, 43, 43, 44, 43, 43, 42, 42, 43, 44, 43, 43, 43, 43, 42, 43, 43, 44, 44, 44, 44, 43, 44, 42, 42, 43, 44, 44, 44, 43, 42, 43, 43, 44, 42, 42, 42, 42, 43, 43, 42, 43, 42, 43, 43, 43, 42, 44, 43, 43, 44, 43, 43, 42, 44, 43, 43, 43, 43, 44, 43, 44, 43, 44, 44, 42, 44, 43, 43, 44, 43, 
				43, 42, 42, 44, 44, 42, 43, 42, 43, 43, 43, 43, 43, 44, 43, 43, 44, 42, 43, 43, 43, 44, 42, 44, 44, 43, 42, 43, 43, 42, 44, 44, 43, 43, 43, 44, 44, 44, 43, 44, 43, 44, 44, 44, 42, 44, 44, 43, 42, 43, 43, 43, 43, 44, 44, 44, 43, 44, 43, 43, 42, 44, 42, 43, 44, 43, 44, 43, 44, 42, 43, 44, 43, 43, 44, 42, 43, 44, 42, 44, 
				44, 42, 43, 44, 43, 43, 44, 42, 43, 44, 43, 42, 42, 43, 43, 43, 42, 43, 43, 43, 43, 43, 43, 43, 43, 43, 42, 44, 43, 43, 44, 43, 42, 43, 44, 43, 43, 43, 44, 43, 44, 43, 43, 43, 43, 42, 44, 42, 43, 44, 43, 43, 42, 44, 43, 43, 44, 43, 42, 43, 42, 43, 44, 43, 43, 44, 44, 42, 44, 43, 43, 43, 43, 44, 43, 44, 43, 43, 43, 43, 
				43, 43, 43, 43, 43, 44, 43, 43, 44, 42, 42, 43, 42, 44, 43, 44, 43, 44, 43, 44, 44, 43, 44, 43, 43, 43, 43, 43, 43, 43, 42, 42, 42, 44, 43, 42, 44, 42, 44, 44, 42, 43, 43, 44, 44, 43, 44, 43, 43, 42, 44, 42, 43, 43, 43, 42, 44, 43, 44, 42, 43, 43, 44, 43, 43, 43, 43, 42, 43, 42, 43, 43, 42, 43, 44, 44, 43, 42, 44, 44, 
				43, 42, 43, 44, 44, 43, 42, 43, 43, 43, 42, 42, 43, 43, 43, 42, 42, 44, 44, 43, 43, 43, 43, 44, 44, 44, 44, 43, 44, 42, 43, 44, 44, 43, 43, 43, 42, 43, 42, 43, 44, 44, 43, 42, 44, 44, 43, 43, 42, 43, 44, 42, 43, 43, 43, 44, 42, 43, 43, 44, 43, 43, 42, 44, 44, 43, 43, 44, 43, 42, 42, 43, 44, 43, 44, 43, 44, 42, 43, 43, 
				43, 43, 42, 42, 43, 44, 43, 43, 42, 44, 44, 43, 43, 44, 44, 44, 43, 43, 43, 44, 43, 43, 43, 44, 44, 43, 43, 43, 43, 43, 43, 44, 43, 44, 44, 44, 44, 43, 43, 44, 43, 43, 44, 42, 44, 42, 44, 43, 43, 44, 44, 43, 42, 42, 42, 43, 43, 43, 43, 43, 44, 43, 43, 43, 43, 42, 43, 42, 43, 43, 43, 44, 43, 43, 43, 43, 44, 42, 44, 43, 
				43, 44, 44, 43, 44, 43, 43, 42, 43, 43, 43, 43, 42, 43, 44, 43, 44, 42, 42, 43, 43, 43, 42, 43, 42, 42, 43, 42, 43, 44, 43, 44, 44, 43, 44, 43, 42, 44, 43, 44, 42, 43, 43, 43, 44, 43, 44, 43, 44, 43, 43, 43, 44, 43, 43, 43, 44, 44, 44, 42, 43, 44, 43, 42, 43, 43, 44, 43, 42, 45, 43, 43, 44, 43, 43, 44, 43, 43, 38, 32, 
				28, 24, 23, 18, 16, 14, 13, 12, 9, 10, 8, 7, 8, 7, 7, 6, 6, 5, 6, 4, 5, 4, 5, 4, 4, 5, 4, 3, 4, 4, 3, 4, 4, 4, 4, 5, 3, 3, 5, 4, 3, 4, 4, 4, 5, 5, 4, 4, 5, 5, 5, 4, 3, 3, 3, 3, 5, 3, 4, 3, 4, 4, 3, 3, 4, 4, 3, 4, 4, 5, 4, 4, 4, 4, 4, 4, 5, 3, 3, 3, 
				4, 4, 4, 5, 4, 5, 5, 4, 4, 4, 5, 3, 4, 3, 3, 4, 4, 3, 4, 4, 4, 4, 4, 3, 4, 3, 3, 5, 5, 4, 5, 4, 4, 4, 5, 4, 4, 4, 3, 3, 4, 4, 5, 4, 3, 4, 4, 3, 4, 5, 3, 4, 4, 3, 4, 4, 4, 4, 3, 4, 4, 4, 3, 4, 4, 4, 3, 3, 3, 4, 5, 3, 3, 4, 5, 5, 4, 3, 4, 4, 
				3, 4, 4, 3, 4, 4, 4, 5, 3, 4, 3, 4, 3, 3, 5, 3, 3, 4, 3, 4, 3, 3, 4, 4, 4, 3, 3, 3, 3, 3, 4, 3, 3, 3, 3, 4, 3, 4, 4, 4, 5, 3, 3, 3, 3, 5, 4, 4, 4, 4, 3, 3, 4, 4, 5, 5, 4, 3, 3, 4, 5, 4, 4, 4, 3, 4, 5, 3, 4, 4, 3, 4, 3, 4, 4, 5, 4, 4, 4, 3, 
				4, 3, 3, 4, 4, 3, 4, 3, 4, 3, 3, 4, 4, 5, 4, 5, 3, 5, 4, 5, 3, 4, 4, 3, 4, 3, 3, 3, 4, 3, 3, 4, 4, 3, 3, 4, 3, 3, 3, 3, 3, 5, 4, 4, 4, 4, 4, 3, 3, 3, 3, 3, 4, 5, 3, 3, 4, 3, 4, 4, 3, 3, 4, 3, 4, 4, 4, 3, 3, 3, 3, 3, 3, 4, 4, 4, 4, 5, 3, 3, 
				4, 4, 3, 4, 4, 4, 4, 4, 3, 3, 4, 3, 4, 4, 4, 4, 4, 4, 3, 4, 4, 5, 3, 5, 5, 4, 4, 3, 3, 4, 3, 3, 5, 4, 3, 3, 4, 3, 4, 4, 3, 4, 3, 3, 4, 3, 3, 5, 3, 4, 4, 2, 4, 4, 3, 3, 4, 3, 4, 4, 3, 3, 3, 5, 3, 4, 5, 4, 4, 4, 4, 3, 3, 3, 4, 3, 3, 4, 3, 4, 
				4, 4, 3, 4, 4, 4, 3, 3, 3, 3, 3, 3, 3, 3, 4, 4, 4, 3, 3, 4, 3, 4, 4, 4, 4, 3, 4, 3, 3, 3, 3, 3, 4, 4, 3, 5, 3, 4, 4, 3, 3, 4, 3, 4, 3, 4, 3, 3, 4, 3, 3, 4, 3, 3, 3, 5, 4, 4, 3, 3, 4, 3, 4, 3, 4, 3, 3, 3, 3, 3, 4, 4, 3, 4, 4, 4, 4, 4, 4, 3, 
				5, 3, 4, 3, 4, 5, 3, 2, 4, 4, 3, 3, 3, 3, 3, 4, 5, 4, 4, 3, 5, 5, 4, 4, 3, 3, 3, 3, 3, 3, 4, 4, 4, 4, 4, 2, 3, 3, 3, 4, 3, 4, 3, 3, 4, 3, 4, 3, 4, 3, 4, 4, 3, 4, 4, 3, 3, 3, 4, 3, 4, 4, 4, 4, 4, 3, 4, 3, 5, 4, 4, 3, 4, 4, 4, 4, 4, 4, 3, 3, 
				3, 4, 4, 3, 2, 3, 3, 3, 4, 3, 3, 3, 4, 4, 3, 4, 4, 3, 3, 5, 3, 4, 4, 4, 4, 3, 4, 4, 5, 4, 4, 3, 4, 3, 4, 4, 4, 3, 3, 4, 3, 3, 5, 4, 4, 3, 4, 3, 4, 3, 4, 4, 4, 4, 3, 3, 4, 4, 5, 4, 3, 5, 4, 3, 4, 3, 4, 3, 4, 4, 4, 4, 4, 4, 3, 3, 4, 4, 3, 4, 
				4, 4, 4, 3, 3, 4, 4, 4, 3, 3, 4, 3, 3, 5, 4, 4, 3, 4, 3, 4, 3, 3, 4, 4, 3, 4, 3, 3, 4, 3, 3, 3, 3, 3, 4, 3, 3, 4, 3, 5, 4, 3, 3, 4, 4, 3, 5, 5, 3, 4, 4, 4, 3, 4, 4, 4, 3, 4, 4, 4, 3, 5, 3, 4, 4, 3, 5, 4, 3, 4, 4, 3, 4, 3, 4, 4, 4, 4, 3, 4, 
				3, 4, 3, 3, 4, 3, 5, 4, 5, 4, 3, 3, 4, 3, 5, 4, 4, 4, 3, 3, 4, 4, 4, 5, 4, 5, 4, 4, 4, 3, 3, 3, 4, 3, 3, 4, 4, 5, 3, 4, 4, 4, 5, 4, 3, 4, 4, 4, 3, 3, 4, 3, 3, 3, 4, 3, 4, 4, 4, 4, 4, 3, 4, 4, 4, 4, 3, 4, 3, 3, 4, 4, 3, 4, 4, 3, 4, 4, 4, 4, 
				3, 3, 3, 3, 4, 5, 3, 3, 4, 3, 5, 5, 3, 4, 4, 3, 3, 3, 3, 3, 4, 3, 4, 4, 3, 3, 3, 3, 3, 3, 4, 4, 4, 3, 4, 5, 3, 4, 4, 3, 4, 3, 4, 3, 2, 3, 3, 3, 4, 5, 4, 3, 3, 4, 5, 4, 3, 4, 3, 4, 4, 4, 5, 4, 3, 5, 4, 4, 3, 3, 3, 3, 4, 4, 4, 4, 4, 5, 4, 4, 
				4, 4, 4, 5, 4, 3, 4, 3, 5, 4, 3, 4, 4, 3, 5, 3, 4, 4, 4, 4, 4, 4, 4, 3, 3, 4, 5, 5, 4, 4, 4, 3, 4, 2, 4, 5, 3, 3, 4, 4, 4, 3, 4, 4, 4, 4, 3, 4, 4, 3, 4, 4, 4, 5, 4, 4, 4, 4, 3, 3, 4, 4, 4, 3, 5, 3, 3, 4, 4, 3, 3, 5, 4, 4, 4, 3, 3, 5, 3, 3, 
				4, 3, 3, 4, 5, 3, 4, 3, 5, 3, 3, 3, 4, 3, 5, 3, 3, 3, 4, 4, 3, 3, 4, 4, 3, 4, 3, 3, 4, 3, 4, 3, 4, 4, 4, 5, 5, 3, 4, 3, 3, 3, 5, 4, 3, 3, 4, 3, 4, 4, 4, 4, 4, 4, 3, 3, 4, 3, 3, 4, 4, 3, 3, 4, 4, 4, 4, 3, 3, 4, 3, 3, 4, 3, 4, 3, 4, 3, 3, 5, 
				3, 3, 3, 3, 4, 4, 4, 4, 5, 3, 4, 4, 5, 3, 4, 3, 3, 4, 4, 4, 3, 4, 3, 4, 3, 3, 3, 4, 4, 3, 3, 4, 3, 4, 4, 4, 4, 4, 4, 4, 3, 3, 4, 3, 3, 4, 4, 4, 4, 4, 3, 3, 3, 3, 3, 3, 3, 3, 4, 4, 4, 3, 3, 4, 4, 3, 3, 5, 4, 4, 5, 4, 4, 4, 4, 3, 4, 4, 3, 3, 
				4, 4, 3, 3, 3, 4, 3, 3, 4, 3, 4, 4, 3, 3, 4, 4, 3, 3, 4, 4, 4, 3, 3, 4, 3, 5, 4, 4, 5, 4, 3, 4, 4, 3, 3, 3, 3, 4, 4, 3, 4, 4, 3, 3, 4, 4, 3, 3, 4, 3, 4, 4, 4, 4, 3, 4, 4, 3, 3, 4, 4, 3, 4, 3, 3, 4, 5, 3, 4, 4, 3, 3, 4, 4, 5, 3, 3, 4, 3, 4, 
				3, 4, 3, 3, 4, 3, 4, 4, 4, 3, 3, 3, 3, 3, 4, 4, 4, 4, 3, 3, 3, 4, 4, 4, 3, 3, 5, 4, 4, 4, 4, 4, 4, 3, 3, 3, 4, 3, 5, 4, 3, 3, 5, 4, 4, 4, 4, 4, 3, 4, 4, 3, 4, 4, 3, 4, 3, 4, 4, 3, 4, 3, 4, 3, 4, 4, 3, 4, 3, 3, 4, 3, 5, 4, 3, 4, 5, 3, 3, 4, 
				4, 4, 3, 4, 4, 4, 4, 4, 3, 4, 4, 5, 4, 4, 3, 3, 4, 4, 3, 4, 5, 3, 4, 3, 4, 2, 5, 3, 5, 4, 4, 3, 5, 5, 5, 3, 4, 4, 4, 3, 4, 5, 4, 4, 4, 4, 3, 4, 4, 3, 4, 4, 3, 3, 3, 3, 4, 4, 4, 4, 4, 5, 4, 3, 4, 3, 4, 3, 3, 3, 4, 3, 3, 3, 4, 4, 3, 3, 3, 4, 
				3, 4, 4, 3, 5, 3, 3, 4, 3, 4, 4, 4, 4, 4, 4, 4, 4, 3, 3, 3, 3, 5, 4, 3, 3, 3, 4, 4, 3, 4, 4, 4, 4, 4, 5, 4, 4, 4, 5, 3, 3, 4, 3, 3, 4, 3, 4, 4, 3, 3, 5, 3, 4, 3, 3, 4, 4, 4, 4, 3, 3, 5, 3, 4, 3, 4, 4, 3, 5, 4, 4, 3, 4, 4, 5, 4, 4, 4, 3, 3, 
				3, 3, 3, 4, 3, 4, 4, 4, 4, 4, 4, 4, 4, 3, 4, 3, 3, 5, 4, 4, 4, 4, 3, 5, 3, 4, 4, 3, 3, 5, 3, 3, 4, 3, 3, 3, 4, 4, 4, 3, 4, 5, 5, 3, 3, 4, 3, 3, 4, 4, 4, 3, 3, 5, 3, 3, 4, 3, 4, 3, 4, 4, 3, 3, 3, 4, 3, 3, 3, 3, 4, 4, 4, 4, 4, 3, 4, 4, 4, 3, 
				3, 3, 4, 5, 4, 3, 4, 4, 3, 3, 4, 4, 3, 4, 4, 4, 3, 3, 3, 3, 4, 3, 3, 3, 3, 3, 3, 3, 4, 4, 4, 4, 3, 3, 3, 3, 4, 3, 4, 3, 3, 4, 3, 3, 3, 3, 3, 3, 3, 3, 4, 4, 4, 4, 3, 4, 4, 4, 5, 4, 3, 4, 3, 3, 5, 3, 3, 4, 3, 3, 4, 3, 3, 4, 4, 3, 4, 4, 4, 3, 
				3, 4, 3, 4, 3, 4, 4, 4, 3, 3, 3, 4, 3, 5, 3, 3, 3, 3, 4, 4, 3, 3, 4, 4, 4, 3, 4, 3, 4, 4, 3, 3, 4, 5, 5, 3, 4, 3, 4, 3, 3, 4, 5, 3, 4, 4, 5, 4, 4, 4, 4, 4, 3, 5, 3, 4, 4, 3, 3, 3, 3, 5, 3, 3, 3, 3, 3, 3, 3, 3, 3, 5, 3, 4, 4, 4, 4, 4, 3, 3, 
				3, 4, 4, 3, 4, 3, 4, 4, 4, 4, 4, 4, 3, 5, 3, 4, 4, 3, 3, 4, 3, 4, 5, 4, 3, 3, 5, 4, 3, 4, 4, 5, 4, 4, 3, 4, 4, 4, 3, 3, 4, 4, 5, 3, 3, 5, 4, 4, 3, 5, 4, 4, 4, 5, 4, 3, 5, 3, 3, 4, 4, 4, 5, 3, 4, 4, 3, 4, 4, 4, 3, 4, 3, 4, 4, 3, 3, 3, 3, 4, 
				3, 4, 5, 3, 3, 4, 4, 4, 3, 3, 3, 3, 3, 4, 3, 4, 3, 3, 5, 3, 3, 4, 4, 4, 4, 4, 4, 4, 4, 3, 5, 3, 3, 4, 4, 3, 3, 4, 3, 4, 3, 3, 3, 4, 3, 4, 4, 3, 4, 4, 3, 3, 3, 4, 3, 5, 5, 3, 5, 5, 4, 4, 5, 5, 4, 5, 4, 5, 5, 3, 3, 4, 3, 4, 4, 3, 4, 4, 4, 4, 
				3, 4, 4, 3, 4, 4, 4, 3, 3, 3, 3, 4, 3, 4, 3, 4, 4, 4, 3, 2, 3, 3, 4, 3, 4, 3, 3, 4, 4, 4, 3, 4, 4, 4, 3, 4, 4, 4, 4, 4, 3, 5, 4, 5, 4, 4, 3, 3, 3, 5, 3, 4, 4, 4, 3, 4, 3, 4, 3, 5, 4, 4, 3, 4, 4, 3, 3, 3, 4, 4, 3, 3, 3, 3, 4, 3, 3, 4, 4, 3, 
				4, 4, 4, 5, 3, 3, 4, 5, 3, 4, 3, 3, 3, 3, 3, 3, 4, 3, 3, 4, 4, 4, 4, 4, 4, 3, 4, 5, 3, 3, 4, 4, 4, 3, 3, 4, 5, 4, 4, 3, 3, 3, 4, 3, 3, 3, 5, 4, 4, 5, 4, 3, 4, 3, 3, 3, 5, 4, 3, 4, 3, 3, 4, 3, 4, 4, 5, 5, 3, 4, 3, 3, 4, 4, 4, 4, 4, 4, 5, 3 
